300,'4327',653,,423,34,,,0,95,,424,34,,,0,89,,437,34,,,0,94,,426,34,,,0,90,,427,34,,,0,99,,428,34,,,0,95,,425,34,,,0,100,,429,34,,,0,101,,430,34,,,0,100,,431,34,,,0,100,,432,34,,,0,104,,433,34,,,0,96,,434,34,,,0,96,,435,34,,,0,100,,436,34,,,0
300,'4332',623,,462,34,,,0,90,,461,34,,,0,99,,463,34,,,0,89,,438,34,,,0,29,,439,34,,,0,80,,440,34,,,0,35,,442,34,,,0,70,,443,34,,,0,35,,444,34,,,0,75,,441,34,,,0,75,,445,34,,,0,40,,446,34,,,0,75,,447,34,,,0,35,,448,34,,,0,81,,449,34,,,0,75,,450,34,,,0,30,,451,34,,,0,75,,452,34,,,0,35,,453,34,,,0,75,,454,34,,,0,86,,455,34,,,0,35,,456,34,,,0,75,,457,34,,,0,90,,458,34,,,0,101,,459,34,,,0,100,,460,34,,,0
300,'4480',607,,465,34,,,0,34,,466,34,,,0,69,,467,34,,,0,35,,468,34,,,0,74,,469,34,,,0,35,,470,34,,,0,75,,471,34,,,0,75,,472,34,,,0,35,,473,34,,,0,75,,464,34,,,0,35,,474,34,,,0,75,,475,34,,,0,35,,476,34,,,0,75,,477,34,,,0,80,,478,34,,,0,35,,479,34,,,0,75,,480,34,,,0,80,,481,34,,,0,36,,482,34,,,0,74,,483,34,,,0,36,,484,34,,,0,75,,485,34,,,0,76,,487,34,,,0,35,,486,34,,,0,70,,488,34,,,0,101,,489,34,,,0,101,,490,34,,,0,100,,491,34,,,0
700,'4327',533,,811,6,0,11 12,0,100,,805,6,0,11 12,0,200,,804,6,0,11 12,0,200,,806,6,0,11 12,0,201,,807,6,0,11 12,0,200,,808,6,0,11 12,0,200,,809,6,0,11 12,0,199,,810,6,0,11 12,0
700,'4332',533,,812,14,0,11 12,0,100,,813,14,0,11 12,0,200,,814,14,0,11 12,0,200,,815,14,0,11 12,0,201,,816,14,0,11 12,0,200,,817,14,0,11 12,0,200,,818,14,0,11 12,0,199,,819,6,0,11 12,0,200,,820,14,0,11 12,0,270,,821,6,0,11 12,0
700,'4480',618,,827,6,0,11 12,0,216,,828,6,0,11 12,0,200,,829,6,0,11 12,0,200,,830,6,0,11 12,0,201,,825,6,0,11 12,0,200,,826,6,0,11 12,0,199,,824,6,0,11 12,0,199,,822,6,0,11 12,0,270,,823,6,0,11 12,0
1600,'4480',738,,913,6,0,16,0,165,,911,6,0,16,0,641,,912,6,0,16,0,85,,910,6,0,16,0
1000700,'4327',733,,2081,6,0,16,0,200,,2080,6,0,16,0,201,,2082,6,0,16,0,200,,2084,6,0,16,0,200,,2083,6,0,16,0,200,,2085,6,0,16,0,199,,2086,6,0,16,0
1000700,'4332',733,,2087,14,0,16,0,200,,2088,14,0,16,0,201,,2089,14,0,16,0,200,,2090,14,0,16,0,200,,2091,6,0,16,0,200,,2092,14,0,16,0,199,,2093,14,0,16,0,200,,2094,14,0,16,0
1000700,'4480',734,,2102,6,0,16,0,14,,2101,6,0,16,0,186,,2103,6,0,16,0,200,,2104,6,0,16,0,200,,2095,6,0,16,0,201,,2098,6,0,16,0,70,,2099,6,0,16,0,129,,2100,6,0,16,0,199,,2096,6,0,16,0,200,,2097,6,0,16,0
