5201,'4327',848,,1590,17,,,0,100,,1588,17,,,0,99,,1581,17,,,0,100,,1580,17,,,0,100,,1583,17,,,0,100,,1584,17,,,0,100,,1582,17,,,0,100,,1585,17,,,0,100,,1586,17,,,0,101,,1587,17,,,0,110,,1589,17,,,0,99,,1591,17,,,0,90,,1592,17,,,0
5201,'4332',748,,1607,17,,,0,99,,1600,17,,,0,100,,1606,17,,,0,100,,1599,17,,,0,99,,1603,17,,,0,100,,1597,17,,,0,100,,1604,17,,,0,100,,1596,17,,,0,100,,1605,17,,,0,100,,1595,17,,,0,100,,1602,17,,,0,101,,1594,17,,,0,100,,1601,17,,,0,110,,1598,17,,,0,170,,1593,17,,,0,174,,1608,17,,,0
5201,'4480',704,,1615,17,,,0,97,,1616,17,,,0,115,,1617,17,,,0,105,,1618,17,,,0,110,,1619,17,,,0,99,,1620,17,,,0,105,,1621,17,,,0,100,,1622,17,,,0,110,,1623,17,,,0,100,,1624,17,,,0,106,,1610,17,,,0,95,,1611,17,,,0,109,,1612,17,,,0,102,,1613,17,,,0,170,,1614,17,,,0,173,,1609,17,,,0
5401,'4327',849,,1683,47,,,0,98,,1684,76,,,0,102,,1682,76,,,0,103,,1675,76,,,0,101,,1676,76,,,0,100,,1677,76,,,0,100,,1678,76,,,0,98,,1680,76,,,0,99,,1674,76,,,0,100,,1679,76,,,0,99,,1681,76,,,0,108,,1685,76,,,0,100,,1686,76,,,0
5401,'4332',750,,1703,47,,,0,99,,1702,76,,,0,103,,1694,76,,,0,100,,1700,76,,,0,102,,1693,76,,,0,100,,1699,76,,,0,100,,1691,76,,,0,100,,1698,76,,,0,100,,1690,76,,,0,100,,1697,76,,,0,98,,1689,76,,,0,100,,1696,76,,,0,99,,1688,76,,,0,99,,1695,76,,,0,109,,1687,76,,,0,172,,1692,76,,,0
5401,'4480',602,,1704,47,,,0,100,,1706,76,,,0,120,,1707,76,,,0,87,,1708,76,,,0,112,,1709,76,,,0,106,,1710,76,,,0,111,,1711,76,,,0,101,,1705,76,,,0,113,,1712,76,,,0,106,,1713,76,,,0,99,,1714,76,,,0,98,,1715,76,,,0,103,,1716,76,,,0,94,,1717,76,,,0,148,,1718,76,,,0,58,,1719,76,,,0,169,,1720,76,,,0
5801,'4327',817,,1820,30,,,0,120,,1816,30,,,0,100,,1810,30,,,0,100,,1818,30,,,0,100,,1811,30,,,0,100,,1812,30,,,0,100,,1813,30,,,0,100,,1819,30,,,0,100,,1814,30,,,0,100,,1815,30,,,0,100,,1817,30,,,0,95,,1821,30,,,0,100,,1822,30,,,0
5801,'4332',817,,1835,30,,,0,120,,1831,30,,,0,100,,1830,30,,,0,100,,1834,30,,,0,100,,1826,30,,,0,100,,1825,30,,,0,100,,1829,30,,,0,100,,1833,30,,,0,100,,1832,30,,,0,100,,1828,30,,,0,100,,1824,30,,,0,170,,1823,30,,,0,130,,1827,30,,,0,100,,1836,30,,,0
5801,'4480',558,,1851,19,,,0,95,,1847,30,,,0,176,,1848,30,,,0,121,,1849,30,,,0,100,,1850,30,,,0,101,,1840,30,,,0,100,,1841,30,,,0,100,,1842,30,,,0,105,,1843,30,,,0,101,,1844,30,,,0,96,,1845,30,,,0,97,,1846,30,,,0,98,,1838,30,,,0,160,,1839,30,,,0,130,,1837,30,,,0
5900,'4480',1626,,1852,14,,,0,95,,1853,14,,,0
5901,'4480',654,,1855,21,,,0,100,,1854,21,,,0
