300,'4327',628,,423,3,,,0,95,,424,3,,,0,88,,437,3,,,0,92,,426,3,,,0,50,,427,3,,,0,97,,428,3,,,0,95,,425,3,,,0,99,,429,3,,,0,101,,430,3,,,0,100,,431,3,,,0,100,,432,3,,,0,104,,433,3,,,0,99,,434,3,,,0,96,,435,3,,,0,100,,436,3,,,0
300,'4332',559,,462,3,,,0,90,,461,3,,,0,98,,463,3,,,0,87,,438,3,,,0,67,,439,3,,,0,40,,440,3,,,0,75,,442,3,,,0,29,,443,3,,,0,75,,444,3,,,0,35,,441,3,,,0,73,,445,3,,,0,80,,446,3,,,0,35,,447,3,,,0,75,,448,3,,,0,41,,449,3,,,0,75,,450,3,,,0,70,,451,3,,,0,36,,452,3,,,0,76,,453,3,,,0,36,,454,3,,,0,86,,455,3,,,0,75,,456,3,,,0,36,,457,3,,,0,90,,458,3,,,0,102,,459,3,,,0,101,,460,3,,,0
300,'4480',544,,465,3,,,0,70,,466,3,,,0,28,,467,3,,,0,74,,468,3,,,0,33,,469,3,,,0,74,,470,3,,,0,34,,471,3,,,0,76,,472,3,,,0,74,,473,3,,,0,35,,464,3,,,0,75,,474,3,,,0,34,,475,3,,,0,75,,476,3,,,0,75,,477,3,,,0,40,,478,3,,,0,71,,479,3,,,0,36,,480,3,,,0,81,,481,3,,,0,76,,482,3,,,0,33,,483,3,,,0,79,,484,3,,,0,37,,485,3,,,0,77,,487,3,,,0,76,,486,3,,,0,30,,488,3,,,0,102,,489,3,,,0,102,,490,3,,,0,104,,491,3,,,0
500,'4327',636,,614,3,,,0,102,,615,3,,,0,96,,616,3,,,0,92,,628,3,,,0,96,,617,3,,,0,90,,618,3,,,0,102,,620,3,,,0,96,,621,3,,,0,101,,622,3,,,0,102,,619,3,,,0,100,,623,3,,,0,97,,624,3,,,0,104,,625,3,,,0,95,,626,3,,,0,93,,627,3,,,0
500,'4332',612,,653,3,,,0,95,,652,3,,,0,52,,651,3,,,0,141,,654,3,,,0,52,,629,3,,,0,73,,630,3,,,0,80,,631,3,,,0,37,,632,3,,,0,70,,634,3,,,0,35,,635,3,,,0,75,,636,3,,,0,35,,633,3,,,0,80,,637,3,,,0,77,,638,3,,,0,35,,639,3,,,0,80,,640,3,,,0,75,,641,3,,,0,28,,642,3,,,0,75,,643,3,,,0,34,,644,3,,,0,73,,645,3,,,0,43,,646,3,,,0,75,,647,3,,,0,75,,648,3,,,0,48,,649,3,,,0,99,,650,3,,,0
500,'4480',609,,655,3,,,0,43,,656,3,,,0,77,,657,3,,,0,75,,658,3,,,0,35,,659,3,,,0,75,,660,3,,,0,35,,661,3,,,0,75,,662,3,,,0,35,,663,3,,,0,76,,664,3,,,0,76,,665,3,,,0,37,,666,3,,,0,75,,667,3,,,0,77,,668,3,,,0,36,,669,3,,,0,83,,670,3,,,0,31,,671,3,,,0,76,,672,3,,,0,82,,673,3,,,0,34,,674,3,,,0,72,,675,3,,,0,30,,676,3,,,0,74,,677,3,,,0,33,,678,3,,,0,75,,679,3,,,0,29,,680,3,,,0,99,,681,3,,,0,99,,682,3,,,0
1701,'4480',647,,919,31,,,0,75,,920,31,,,0,96,,921,31,,,0,725,,915,31,,,0,85,,916,31,,,0,85,,917,31,,,0,42,,918,31,,,0,83,,914,31,,,0
2100,'4327',853,,929,22,,,0,100,,930,22,,,0,173,,922,22,,,0,131,,924,22,,,0,170,,923,22,,,0,177,,925,22,,,0,128,,926,22,,,0,168,,927,22,,,0,130,,928,22,,,0
2100,'4332',815,,938,22,,,0,132,,940,22,,,0,180,,939,22,,,0,182,,934,22,,,0,117,,935,22,,,0,104,,936,22,,,0,99,,937,22,,,0,100,,932,22,,,0,173,,933,22,,,0,133,,931,22,,,0
2100,'4480',651,,952,22,,,0,87,,948,22,,,0,84,,949,22,,,0,91,,950,22,,,0,45,,951,22,,,0,78,,953,22,,,0,95,,947,22,,,0,128,,945,22,,,0,169,,946,22,,,0,285,,944,22,,,0,45,,942,22,,,0,143,,943,22,,,0,120,,941,22,,,0
2400,'4480',1443,,989,10,0,5 6 7 8,0
1002100,'4480',1541,,2105,27,,,0,74,,2106,27,,,0
