100,'4327',621,,1,25,,,0,81,,2,25,,,0,40,,3,25,,,0,81,,4,25,,,0,80,,5,25,,,0,50,,6,25,,,0,88,,7,25,,,0,80,,8,25,,,0,85,,9,25,,,0,38,,22,25,,,0,80,,10,25,,,0,80,,11,25,,,0,41,,12,25,,,0,80,,13,25,,,0,80,,14,25,,,0,40,,15,25,,,0,79,,16,25,,,0,79,,17,25,,,0,40,,18,25,,,0,77,,19,25,,,0,38,,20,25,,,0,76,,21,25,,,0,85,,23,25,,,0,94,,24,25,,,0
100,'4332',616,,25,25,,,0,32,,26,25,,,0,70,,27,25,,,0,30,,28,25,,,0,75,,29,25,,,0,36,,30,25,,,0,77,,31,25,,,0,72,,33,25,,,0,38,,34,25,,,0,77,,32,25,,,0,31,,35,25,,,0,70,,36,25,,,0,30,,37,25,,,0,71,,38,25,,,0,30,,39,25,,,0,70,,40,25,,,0,30,,41,25,,,0,70,,42,25,,,0,30,,43,25,,,0,70,,44,25,,,0,30,,45,25,,,0,69,,46,25,,,0,24,,47,25,,,0,69,,48,25,,,0,29,,49,25,,,0,75,,50,25,,,0,34,,51,25,,,0,74,,52,25,,,0,75,,53,25,,,0,34,,54,25,,,0,75,,55,25,,,0,34,,56,25,,,0
100,'4480',531,,58,25,,,0,70,,59,25,,,0,33,,57,25,,,0,20,,61,25,,,0,62,,62,25,,,0,21,,60,25,,,0,15,,63,25,,,0,61,,64,25,,,0,17,,65,25,,,0,15,,66,25,,,0,55,,67,25,,,0,17,,69,25,,,0,18,,68,25,,,0,15,,70,25,,,0,60,,71,25,,,0,19,,72,25,,,0,21,,73,25,,,0,62,,74,25,,,0,22,,75,25,,,0,24,,76,25,,,0,67,,78,25,,,0,22,,77,25,,,0,62,,79,25,,,0,24,,80,25,,,0,23,,82,25,,,0,63,,81,25,,,0,23,,83,25,,,0,63,,84,25,,,0,23,,85,25,,,0,16,,86,25,,,0,14,,87,25,,,0,57,,88,25,,,0,14,,89,25,,,0,17,,90,25,,,0,54,,91,25,,,0,14,,92,25,,,0,14,,93,25,,,0,12,,94,25,,,0,14,,95,25,,,0,53,,96,25,,,0,17,,97,25,,,0,19,,98,25,,,0,60,,99,25,,,0,23,,100,25,,,0,23,,107,25,,,0,64,,101,25,,,0,23,,102,25,,,0,64,,103,25,,,0,25,,108,25,,,0,24,,104,25,,,0,68,,105,25,,,0,30,,106,25,,,0
200,'4327',624,,213,30,,,0,35,,214,30,,,0,81,,215,30,,,0,86,,216,30,,,0,81,,217,30,,,0,43,,218,30,,,0,82,,219,30,,,0,96,,220,30,,,0,89,,221,30,,,0,86,,222,30,,,0,41,,223,30,,,0,80,,224,30,,,0,80,,225,30,,,0,40,,226,30,,,0,80,,227,30,,,0,80,,228,30,,,0,38,,229,30,,,0,80,,230,30,,,0,79,,231,30,,,0,39,,232,30,,,0,79,,233,30,,,0,40,,235,30,,,0,78,,234,30,,,0
200,'4332',625,,236,30,,,0,75,,237,30,,,0,35,,238,30,,,0,72,,239,30,,,0,33,,240,30,,,0,71,,241,30,,,0,37,,242,30,,,0,84,,243,30,,,0,76,,244,30,,,0,33,,245,30,,,0,70,,247,30,,,0,30,,248,30,,,0,68,,249,30,,,0,30,,246,30,,,0,70,,250,30,,,0,30,,251,30,,,0,70,,252,30,,,0,29,,253,30,,,0,70,,254,30,,,0,30,,256,30,,,0,69,,257,30,,,0,29,,255,30,,,0,68,,258,30,,,0,27,,259,30,,,0,69,,260,30,,,0,35,,261,30,,,0,78,,262,30,,,0,35,,263,30,,,0,75,,264,30,,,0,34,,265,30,,,0,73,,266,30,,,0
200,'4480',551,,267,30,,,0,76,,268,30,,,0,27,,269,30,,,0,72,,270,30,,,0,18,,271,30,,,0,15,,272,30,,,0,69,,273,30,,,0,12,,274,30,,,0,15,,275,30,,,0,60,,276,30,,,0,21,,277,30,,,0,22,,278,30,,,0,61,,279,30,,,0,23,,280,30,,,0,62,,281,30,,,0,23,,282,30,,,0,22,,283,30,,,0,62,,284,30,,,0,23,,285,30,,,0,22,,286,30,,,0,61,,287,30,,,0,23,,288,30,,,0,66,,289,30,,,0,28,,290,30,,,0,25,,291,30,,,0,62,,292,30,,,0,16,,293,30,,,0,16,,294,30,,,0,56,,295,30,,,0,14,,296,30,,,0,15,,297,30,,,0,14,,298,30,,,0,55,,299,30,,,0,15,,300,30,,,0,15,,301,30,,,0,14,,302,30,,,0,55,,303,30,,,0,21,,304,30,,,0,14,,305,30,,,0,60,,306,30,,,0,19,,307,30,,,0,20,,308,30,,,0,19,,314,30,,,0,68,,309,30,,,0,24,,310,30,,,0,64,,311,30,,,0,24,,315,30,,,0,63,,312,30,,,0,30,,313,30,,,0
501,'4327',618,,684,2,,,0,95,,683,2,,,0,87,,697,2,,,0,52,,685,2,,,0,90,,686,2,,,0,96,,687,2,,,0,94,,688,2,,,0,99,,689,2,,,0,100,,691,2,,,0,100,,692,2,,,0,100,,693,2,,,0,104,,690,2,,,0,100,,694,2,,,0,97,,695,2,,,0,100,,696,2,,,0
501,'4332',639,,721,2,,,0,98,,722,2,,,0,86,,700,2,,,0,27,,701,2,,,0,80,,698,2,,,0,74,,699,2,,,0,29,,702,2,,,0,75,,703,2,,,0,35,,704,2,,,0,73,,705,2,,,0,38,,706,2,,,0,75,,707,2,,,0,75,,708,2,,,0,41,,709,2,,,0,75,,710,2,,,0,31,,711,2,,,0,76,,712,2,,,0,76,,713,2,,,0,36,,714,2,,,0,86,,715,2,,,0,76,,716,2,,,0,36,,718,2,,,0,91,,719,2,,,0,102,,720,2,,,0,101,,717,2,,,0
501,'4480',604,,723,2,,,0,26,,724,2,,,0,74,,725,2,,,0,32,,726,2,,,0,73,,727,2,,,0,35,,729,2,,,0,77,,728,2,,,0,34,,730,2,,,0,75,,731,2,,,0,73,,732,2,,,0,34,,733,2,,,0,75,,734,2,,,0,35,,735,2,,,0,79,,736,2,,,0,30,,737,2,,,0,72,,738,2,,,0,85,,739,2,,,0,37,,740,2,,,0,73,,741,2,,,0,79,,742,2,,,0,39,,743,2,,,0,77,,744,2,,,0,36,,745,2,,,0,71,,746,2,,,0,102,,747,2,,,0,102,,748,2,,,0,106,,749,2,,,0
700,'4332',525,,812,2,0,11 12,0,100,,813,2,0,11 12,0,199,,814,2,0,11 12,0,200,,815,2,0,11 12,0,200,,816,2,0,11 12,0,199,,817,2,0,11 12,0,200,,818,2,0,11 12,0,401,,820,2,0,11 12,0
900,'4332',1648,,855,2,0,13 2 14 15,0
1201,'4480',703,,897,2,,,0,39,,898,2,,,0,86,,899,2,,,0,77,,894,2,,,0,115,,895,2,,,0,119,,896,2,,,0,164,,889,2,,,0,126,,891,2,,,0,171,,892,2,,,0,42,,893,2,,,0,85,,890,2,,,0
2400,'4480',1431,,989,2,0,5 6 7 8,0
2600,'4480',1426,,991,2,0,14 15 7 8,0
2601,'4480',715,,992,2,0,14 15 7 8,0
1000700,'4332',724,,2087,2,0,16,0,199,,2088,2,0,16,0,200,,2089,2,0,16,0,200,,2090,2,0,16,0,400,,2092,2,0,16,0,200,,2093,2,0,16,0,201,,2094,2,0,16,0
