601,'4327',610,,750,48,4,,0,111,,751,48,4,,0,108,,752,48,4,,0,105,,753,48,4,,0,86,,755,48,4,,0,103,,756,48,4,,0,90,,757,48,4,,0,101,,754,48,4,,0,100,,758,48,4,,0,100,,759,48,4,,0,100,,760,48,4,,0,98,,761,48,4,,0,104,,762,48,4,,0,119,,763,48,4,,0,109,,764,48,4,,0
601,'4332',615,,767,48,4,,0,100,,768,48,4,,0,103,,766,48,4,,0,97,,769,48,4,,0,102,,770,48,4,,0,100,,771,48,4,,0,96,,772,48,4,,0,102,,773,48,4,,0,100,,774,48,4,,0,99,,775,48,4,,0,99,,776,48,4,,0,99,,777,48,4,,0,105,,778,48,4,,0,103,,779,48,4,,0,95,,780,48,4,,0,107,,781,48,4,,0,114,,782,48,4,,0,110,,765,48,4,,0
601,'4480',614,,793,48,4,,0,40,,794,48,4,,0,79,,796,48,4,,0,80,,797,48,4,,0,40,,798,48,4,,0,83,,795,48,4,,0,74,,799,48,4,,0,118,,800,48,4,,0,121,,801,48,4,,0,166,,802,48,4,,0,89,,803,48,4,,0,39,,785,48,4,,0,88,,786,48,4,,0,83,,787,48,4,,0,36,,789,48,4,,0,85,,790,48,4,,0,82,,791,48,4,,0,99,,788,48,4,,0,108,,792,48,4,,0,112,,783,48,4,,0,108,,784,48,4,,0
1701,'4480',653,,919,41,4,,0,77,,920,41,4,,0,96,,921,41,4,,0,728,,915,41,4,,0,85,,916,41,4,,0,84,,917,41,4,,0,81,,918,41,4,,0,42,,914,41,4,,0
2100,'4327',900,,929,32,4,,0,100,,930,32,4,,0,134,,922,32,4,,0,171,,924,32,4,,0,131,,923,32,4,,0,176,,925,32,4,,0,128,,926,32,4,,0,167,,927,32,4,,0,130,,928,32,4,,0
2100,'4332',822,,938,32,4,,0,133,,940,32,4,,0,181,,939,32,4,,0,182,,934,32,4,,0,117,,935,32,4,,0,104,,936,32,4,,0,99,,937,32,4,,0,99,,932,32,4,,0,173,,933,32,4,,0,132,,931,32,4,,0
2100,'4480',657,,952,32,4,,0,89,,948,32,4,,0,84,,949,32,4,,0,92,,950,32,4,,0,85,,951,32,4,,0,38,,953,32,4,,0,95,,947,32,4,,0,169,,945,32,4,,0,129,,946,32,4,,0,285,,944,32,4,,0,84,,942,32,4,,0,102,,943,32,4,,0,120,,941,32,4,,0
2201,'4480',816,,987,33,4,,0,695,,988,33,4,,0
3101,'4327',819,,1028,19,4,,0,209,,1025,19,4,,0,220,,1022,19,4,,0,110,,1026,19,4,,0,154,,1024,19,4,,0,115,,1027,19,4,,0,109,,1023,19,4,,0
3101,'4332',819,,1032,19,4,,0,104,,1031,19,4,,0,103,,1029,19,4,,0,112,,1036,19,4,,0,110,,1037,19,4,,0,110,,1030,19,4,,0,156,,1035,19,4,,0,115,,1033,19,4,,0,109,,1034,19,4,,0,108,,1038,19,4,,0
3101,'4480',646,,1039,19,4,,0,83,,1040,19,4,,0,72,,1042,19,4,,0,33,,1043,19,4,,0,72,,1041,19,4,,0,46,,1045,19,4,,0,106,,1046,19,4,,0,151,,1047,19,4,,0,110,,1044,19,4,,0,116,,1048,19,4,,0,118,,1049,19,4,,0,78,,1051,19,4,,0,75,,1052,19,4,,0,36,,1053,19,4,,0,72,,1050,19,4,,0,30,,1054,19,4,,0,58,,1055,19,4,,0
1002100,'4480',1551,,2105,37,4,,0,75,,2106,37,4,,0
1003101,'4327',924,,2161,22,4,,0,215,,2160,22,4,,0,75,,2154,22,4,,0,110,,2156,22,4,,0,110,,2157,22,4,,0,114,,2158,22,4,,0,155,,2159,22,4,,0,110,,2155,22,4,,0,109,,2162,22,4,,0,115,,2163,22,4,,0,98,,2164,22,4,,0
1003101,'4332',853,,2170,22,4,,0,105,,2176,22,4,,0,146,,2165,22,4,,0,111,,2166,22,4,,0,110,,2167,22,4,,0,111,,2169,22,4,,0,115,,2174,22,4,,0,154,,2172,22,4,,0,109,,2171,22,4,,0,109,,2168,22,4,,0,115,,2173,22,4,,0,100,,2175,22,4,,0
1003101,'4480',716,,2177,22,4,,0,32,,2178,22,4,,0,73,,2179,22,4,,0,32,,2180,22,4,,0,72,,2181,22,4,,0,101,,2182,22,4,,0,110,,2183,22,4,,0,110,,2184,22,4,,0,110,,2185,22,4,,0,159,,2186,22,4,,0,99,,2187,22,4,,0,38,,2188,22,4,,0,74,,2189,22,4,,0,74,,2190,22,4,,0,30,,2191,22,4,,0,91,,2192,22,4,,0,90,,2193,22,4,,0,121,,2194,22,4,,0,108,,2195,22,4,,0
