100,'4327',619,,1,20,,,0,81,,2,20,,,0,40,,3,20,,,0,80,,4,20,,,0,80,,5,20,,,0,50,,6,20,,,0,88,,7,20,,,0,80,,8,20,,,0,84,,9,20,,,0,38,,22,20,,,0,80,,10,20,,,0,80,,11,20,,,0,41,,12,20,,,0,80,,13,20,,,0,80,,14,20,,,0,40,,15,20,,,0,79,,16,20,,,0,80,,17,20,,,0,40,,18,20,,,0,77,,19,20,,,0,38,,20,20,,,0,76,,21,20,,,0,85,,23,20,,,0,95,,24,20,,,0
100,'4332',613,,25,20,,,0,32,,26,20,,,0,70,,27,20,,,0,30,,28,20,,,0,75,,29,20,,,0,36,,30,20,,,0,77,,31,20,,,0,72,,33,20,,,0,37,,34,20,,,0,77,,32,20,,,0,31,,35,20,,,0,70,,36,20,,,0,30,,37,20,,,0,71,,38,20,,,0,30,,39,20,,,0,70,,40,20,,,0,30,,41,20,,,0,70,,42,20,,,0,30,,43,20,,,0,70,,44,20,,,0,30,,45,20,,,0,69,,46,20,,,0,24,,47,20,,,0,69,,48,20,,,0,30,,49,20,,,0,75,,50,20,,,0,34,,51,20,,,0,74,,52,20,,,0,75,,53,20,,,0,34,,54,20,,,0,75,,55,20,,,0,34,,56,20,,,0
100,'4480',529,,58,20,,,0,30,,59,20,,,0,72,,57,20,,,0,20,,61,20,,,0,62,,62,20,,,0,21,,60,20,,,0,15,,63,20,,,0,61,,64,20,,,0,17,,65,20,,,0,15,,66,20,,,0,15,,67,20,,,0,57,,69,20,,,0,18,,68,20,,,0,15,,70,20,,,0,60,,71,20,,,0,19,,72,20,,,0,20,,73,20,,,0,62,,74,20,,,0,22,,75,20,,,0,24,,76,20,,,0,67,,78,20,,,0,22,,77,20,,,0,62,,79,20,,,0,24,,80,20,,,0,23,,82,20,,,0,62,,81,20,,,0,23,,83,20,,,0,63,,84,20,,,0,24,,85,20,,,0,16,,86,20,,,0,14,,87,20,,,0,56,,88,20,,,0,14,,89,20,,,0,17,,90,20,,,0,14,,91,20,,,0,55,,92,20,,,0,14,,93,20,,,0,12,,94,20,,,0,14,,95,20,,,0,54,,96,20,,,0,17,,97,20,,,0,19,,98,20,,,0,60,,99,20,,,0,23,,100,20,,,0,23,,107,20,,,0,64,,101,20,,,0,23,,102,20,,,0,24,,103,20,,,0,65,,108,20,,,0,24,,104,20,,,0,68,,105,20,,,0,31,,106,20,,,0
200,'4327',622,,213,25,,,0,35,,214,25,,,0,81,,215,25,,,0,86,,216,25,,,0,80,,217,25,,,0,43,,218,25,,,0,82,,219,25,,,0,95,,220,25,,,0,89,,221,25,,,0,46,,222,25,,,0,81,,223,25,,,0,80,,224,25,,,0,80,,225,25,,,0,40,,226,25,,,0,80,,227,25,,,0,80,,228,25,,,0,39,,229,25,,,0,80,,230,25,,,0,39,,231,25,,,0,79,,232,25,,,0,79,,233,25,,,0,40,,235,25,,,0,78,,234,25,,,0
200,'4332',623,,236,25,,,0,35,,237,25,,,0,75,,238,25,,,0,71,,239,25,,,0,33,,240,25,,,0,71,,241,25,,,0,37,,242,25,,,0,84,,243,25,,,0,75,,244,25,,,0,33,,245,25,,,0,70,,247,25,,,0,30,,248,25,,,0,68,,249,25,,,0,30,,246,25,,,0,70,,250,25,,,0,30,,251,25,,,0,70,,252,25,,,0,29,,253,25,,,0,70,,254,25,,,0,30,,256,25,,,0,69,,257,25,,,0,30,,255,25,,,0,68,,258,25,,,0,27,,259,25,,,0,29,,260,25,,,0,75,,261,25,,,0,78,,262,25,,,0,35,,263,25,,,0,75,,264,25,,,0,34,,265,25,,,0,74,,266,25,,,0
200,'4480',548,,267,25,,,0,76,,268,25,,,0,27,,269,25,,,0,72,,270,25,,,0,18,,271,25,,,0,15,,272,25,,,0,69,,273,25,,,0,12,,274,25,,,0,15,,275,25,,,0,60,,276,25,,,0,20,,277,25,,,0,22,,278,25,,,0,61,,279,25,,,0,23,,280,25,,,0,62,,281,25,,,0,23,,282,25,,,0,22,,283,25,,,0,62,,284,25,,,0,23,,285,25,,,0,22,,286,25,,,0,61,,287,25,,,0,23,,288,25,,,0,66,,289,25,,,0,28,,290,25,,,0,25,,291,25,,,0,62,,292,25,,,0,16,,293,25,,,0,16,,294,25,,,0,56,,295,25,,,0,14,,296,25,,,0,15,,297,25,,,0,14,,298,25,,,0,55,,299,25,,,0,15,,300,25,,,0,15,,301,25,,,0,14,,302,25,,,0,55,,303,25,,,0,21,,304,25,,,0,15,,305,25,,,0,20,,306,25,,,0,59,,307,25,,,0,20,,308,25,,,0,19,,314,25,,,0,68,,309,25,,,0,24,,310,25,,,0,64,,311,25,,,0,24,,315,25,,,0,23,,312,25,,,0,70,,313,25,,,0
1701,'4480',651,,919,37,,,0,76,,920,37,,,0,96,,921,37,,,0,727,,915,37,,,0,85,,916,37,,,0,84,,917,37,,,0,81,,918,37,,,0,43,,914,37,,,0
2100,'4327',857,,929,28,,,0,100,,930,28,,,0,174,,922,28,,,0,171,,924,28,,,0,130,,923,28,,,0,177,,925,28,,,0,128,,926,28,,,0,167,,927,28,,,0,130,,928,28,,,0
2100,'4332',819,,938,28,,,0,133,,940,28,,,0,180,,939,28,,,0,182,,934,28,,,0,117,,935,28,,,0,104,,936,28,,,0,99,,937,28,,,0,100,,932,28,,,0,173,,933,28,,,0,132,,931,28,,,0
2100,'4480',655,,952,28,,,0,88,,948,28,,,0,84,,949,28,,,0,91,,950,28,,,0,85,,951,28,,,0,38,,953,28,,,0,95,,947,28,,,0,169,,945,28,,,0,129,,946,28,,,0,285,,944,28,,,0,84,,942,28,,,0,103,,943,28,,,0,120,,941,28,,,0
2201,'4480',813,,987,29,0,9 10 7 8,0,694,,988,29,0,9 10 7 8,0
1002100,'4480',1547,,2105,33,,,0,75,,2106,33,,,0
