300,'4327',640,,423,22,,,0,95,,424,22,,,0,89,,437,22,,,0,94,,426,22,,,0,90,,427,22,,,0,98,,428,22,,,0,95,,425,22,,,0,99,,429,22,,,0,101,,430,22,,,0,100,,431,22,,,0,100,,432,22,,,0,104,,433,22,,,0,98,,434,22,,,0,56,,435,22,,,0,100,,436,22,,,0
300,'4332',610,,462,22,,,0,90,,461,22,,,0,59,,463,22,,,0,89,,438,22,,,0,68,,439,22,,,0,40,,440,22,,,0,75,,442,22,,,0,70,,443,22,,,0,35,,444,22,,,0,75,,441,22,,,0,34,,445,22,,,0,80,,446,22,,,0,75,,447,22,,,0,35,,448,22,,,0,81,,449,22,,,0,35,,450,22,,,0,70,,451,22,,,0,35,,452,22,,,0,76,,453,22,,,0,75,,454,22,,,0,46,,455,22,,,0,75,,456,22,,,0,76,,457,22,,,0,50,,458,22,,,0,101,,459,22,,,0,100,,460,22,,,0
300,'4480',557,,465,22,,,0,71,,466,22,,,0,29,,467,22,,,0,74,,468,22,,,0,74,,469,22,,,0,35,,470,22,,,0,75,,471,22,,,0,35,,472,22,,,0,75,,473,22,,,0,75,,464,22,,,0,35,,474,22,,,0,74,,475,22,,,0,35,,476,22,,,0,75,,477,22,,,0,40,,478,22,,,0,73,,479,22,,,0,76,,480,22,,,0,40,,481,22,,,0,76,,482,22,,,0,34,,483,22,,,0,77,,484,22,,,0,76,,485,22,,,0,36,,487,22,,,0,75,,486,22,,,0,30,,488,22,,,0,101,,489,22,,,0,102,,490,22,,,0,103,,491,22,,,0
3100,'4327',1011,,999,7,,,0,109,,993,7,,,0,109,,994,7,,,0,110,,995,7,,,0,115,,996,7,,,0,156,,998,7,,,0,110,,997,7,,,0
3100,'4332',905,,1003,7,,,0,105,,1007,7,,,0,110,,1001,7,,,0,109,,1000,7,,,0,110,,1002,7,,,0,115,,1004,7,,,0,155,,1006,7,,,0,110,,1005,7,,,0
3100,'4480',728,,1008,7,,,0,31,,1009,7,,,0,71,,1010,7,,,0,104,,1011,7,,,0,107,,1012,7,,,0,110,,1013,7,,,0,149,,1014,7,,,0,114,,1015,7,,,0,97,,1016,7,,,0,39,,1017,7,,,0,74,,1018,7,,,0,34,,1019,7,,,0,76,,1020,7,,,0,76,,1021,7,,,0
1003100,'4327',731,,2119,7,,,0,102,,2111,7,,,0,102,,2109,7,,,0,107,,2113,7,,,0,110,,2110,7,,,0,150,,2108,7,,,0,114,,2114,7,,,0,115,,2115,7,,,0,111,,2112,7,,,0,181,,2116,7,,,0,120,,2117,7,,,0,104,,2118,7,,,0
1003100,'4332',733,,2133,7,,,0,100,,2122,7,,,0,100,,2121,7,,,0,109,,2120,7,,,0,110,,2128,7,,,0,150,,2132,7,,,0,115,,2125,7,,,0,114,,2129,7,,,0,111,,2126,7,,,0,110,,2127,7,,,0,75,,2123,7,,,0,115,,2124,7,,,0,102,,2131,7,,,0,100,,2130,7,,,0
1003100,'4480',641,,2138,7,,,0,69,,2139,7,,,0,30,,2140,7,,,0,68,,2141,7,,,0,50,,2142,7,,,0,146,,2143,7,,,0,109,,2144,7,,,0,109,,2145,7,,,0,115,,2146,7,,,0,110,,2147,7,,,0,80,,2148,7,,,0,74,,2135,7,,,0,36,,2136,7,,,0,79,,2134,7,,,0,32,,2137,7,,,0,80,,2149,7,,,0,85,,2150,7,,,0,122,,2151,7,,,0,104,,2152,7,,,0,109,,2153,7,,,0
24003100,'4480',533,,2199,7,0,22 23 24 25,0,69,,2196,7,0,22 23 24 25,0,29,,2197,7,0,22 23 24 25,0,69,,2198,7,0,22 23 24 25,0
