200,'4327',629,,213,38,,,0,75,,214,38,,,0,41,,215,38,,,0,86,,216,38,,,0,81,,217,38,,,0,43,,218,38,,,0,82,,219,38,,,0,96,,220,38,,,0,90,,221,38,,,0,86,,222,38,,,0,41,,223,38,,,0,80,,224,38,,,0,80,,225,38,,,0,40,,226,38,,,0,80,,227,38,,,0,80,,228,38,,,0,38,,229,38,,,0,80,,230,38,,,0,79,,231,38,,,0,38,,232,38,,,0,79,,233,38,,,0,80,,235,38,,,0,38,,234,38,,,0
200,'4332',630,,236,38,,,0,75,,237,38,,,0,35,,238,38,,,0,72,,239,38,,,0,33,,240,38,,,0,71,,241,38,,,0,37,,242,38,,,0,84,,243,38,,,0,76,,244,38,,,0,33,,245,38,,,0,71,,247,38,,,0,30,,248,38,,,0,68,,249,38,,,0,30,,246,38,,,0,70,,250,38,,,0,30,,251,38,,,0,70,,252,38,,,0,29,,253,38,,,0,70,,254,38,,,0,30,,256,38,,,0,69,,257,38,,,0,29,,255,38,,,0,68,,258,38,,,0,27,,259,38,,,0,68,,260,38,,,0,35,,261,38,,,0,78,,262,38,,,0,35,,263,38,,,0,75,,264,38,,,0,74,,265,38,,,0,33,,266,38,,,0
200,'4480',556,,267,38,,,0,76,,268,38,,,0,68,,269,38,,,0,32,,270,38,,,0,19,,271,38,,,0,55,,272,38,,,0,28,,273,38,,,0,12,,274,38,,,0,55,,275,38,,,0,20,,276,38,,,0,21,,277,38,,,0,62,,278,38,,,0,21,,279,38,,,0,23,,280,38,,,0,62,,281,38,,,0,23,,282,38,,,0,22,,283,38,,,0,62,,284,38,,,0,23,,285,38,,,0,62,,286,38,,,0,21,,287,38,,,0,23,,288,38,,,0,66,,289,38,,,0,30,,290,38,,,0,64,,291,38,,,0,22,,292,38,,,0,16,,293,38,,,0,15,,294,38,,,0,56,,295,38,,,0,14,,296,38,,,0,15,,297,38,,,0,14,,298,38,,,0,55,,299,38,,,0,15,,300,38,,,0,15,,301,38,,,0,14,,302,38,,,0,55,,303,38,,,0,21,,304,38,,,0,14,,305,38,,,0,60,,306,38,,,0,19,,307,38,,,0,20,,308,38,,,0,59,,314,38,,,0,28,,309,38,,,0,23,,310,38,,,0,64,,311,38,,,0,24,,315,38,,,0,63,,312,38,,,0,30,,313,38,,,0
401,'4327',735,,564,47,4,,0,100,,565,47,4,,0,101,,566,47,4,,0,100,,567,47,4,,0,101,,568,47,4,,0,101,,569,47,4,,0,100,,570,47,4,,0,100,,571,47,4,,0,100,,572,47,4,,0,100,,573,47,4,,0,100,,574,47,4,,0,100,,575,47,4,,0,99,,576,47,4,,0
401,'4332',628,,590,47,4,,0,108,,593,47,4,,0,101,,594,47,4,,0,100,,578,47,4,,0,101,,579,47,4,,0,101,,591,47,4,,0,100,,589,47,4,,0,100,,588,47,4,,0,100,,587,47,4,,0,100,,583,47,4,,0,100,,586,47,4,,0,100,,585,47,4,,0,99,,584,47,4,,0,100,,582,47,4,,0,99,,581,47,4,,0,99,,580,47,4,,0
401,'4480',841,,605,47,4,,0,97,,606,47,4,,0,100,,607,47,4,,0,101,,608,47,4,,0,100,,609,47,4,,0,100,,611,47,4,,0,103,,612,47,4,,0,98,,600,47,4,,0,102,,601,47,4,,0,98,,602,47,4,,0,98,,603,47,4,,0,100,,596,47,4,,0,99,,597,47,4,,0,99,,598,47,4,,0
900,'4332',2218,,860,53,4,,0
900,'4480',2221,,861,53,4,,0
1501,'4332',955,,900,47,4,,0,600,,902,47,4,,0
1501,'4480',650,,907,47,4,,0,1093,,905,47,4,,0
1600,'4480',806,,913,39,4,,0,894,,910,39,4,,0
2600,'4480',1434,,991,9,0,14 15 7 8,0
2601,'4480',720,,992,9,0,14 15 7 8,0
