3100,'4327',1030,,999,16,4,,0,110,,993,16,4,,0,110,,994,16,4,,0,150,,995,16,4,,0,115,,996,16,4,,0,115,,998,16,4,,0,110,,997,16,4,,0
3100,'4332',925,,1003,16,4,,0,105,,1007,16,4,,0,110,,1001,16,4,,0,110,,1000,16,4,,0,150,,1002,16,4,,0,115,,1004,16,4,,0,115,,1006,16,4,,0,110,,1005,16,4,,0
3100,'4480',747,,1008,16,4,,0,72,,1009,16,4,,0,32,,1010,16,4,,0,103,,1011,16,4,,0,148,,1012,16,4,,0,110,,1013,16,4,,0,110,,1014,16,4,,0,114,,1015,16,4,,0,100,,1016,16,4,,0,78,,1017,16,4,,0,35,,1018,16,4,,0,75,,1019,16,4,,0,33,,1020,16,4,,0,75,,1021,16,4,,0
3201,'4327',817,,1070,31,4,,0,106,,1069,31,4,,0,104,,1064,31,4,,0,73,,1071,31,4,,0,36,,1058,31,4,,0,76,,1057,31,4,,0,35,,1065,31,4,,0,75,,1056,31,4,,0,35,,1066,31,4,,0,75,,1061,31,4,,0,81,,1067,31,4,,0,35,,1062,31,4,,0,78,,1063,31,4,,0,75,,1060,31,4,,0,34,,1068,31,4,,0,74,,1059,31,4,,0,110,,1072,31,4,,0,115,,1073,31,4,,0
3201,'4332',818,,1085,31,4,,0,30,,1076,31,4,,0,75,,1096,31,4,,0,32,,1074,31,4,,0,70,,1077,31,4,,0,76,,1082,31,4,,0,35,,1075,31,4,,0,77,,1094,31,4,,0,35,,1079,31,4,,0,75,,1078,31,4,,0,35,,1083,31,4,,0,75,,1080,31,4,,0,80,,1095,31,4,,0,35,,1084,31,4,,0,80,,1081,31,4,,0,75,,1090,31,4,,0,33,,1086,31,4,,0,75,,1097,31,4,,0,34,,1087,31,4,,0,74,,1089,31,4,,0,85,,1088,31,4,,0,29,,1092,31,4,,0,70,,1091,31,4,,0,130,,1093,31,4,,0
3201,'4480',612,,1099,31,4,,0,31,,1100,31,4,,0,71,,1101,31,4,,0,33,,1098,31,4,,0,70,,1102,31,4,,0,32,,1103,31,4,,0,73,,1104,31,4,,0,30,,1105,31,4,,0,73,,1106,31,4,,0,33,,1107,31,4,,0,76,,1108,31,4,,0,75,,1109,31,4,,0,35,,1110,31,4,,0,75,,1111,31,4,,0,36,,1112,31,4,,0,81,,1113,31,4,,0,77,,1114,31,4,,0,41,,1115,31,4,,0,77,,1116,31,4,,0,75,,1117,31,4,,0,37,,1118,31,4,,0,70,,1119,31,4,,0,31,,1120,31,4,,0,78,,1121,31,4,,0,86,,1122,31,4,,0,26,,1123,31,4,,0,94,,1124,31,4,,0,104,,1125,31,4,,0
3301,'4327',825,,1134,1,0,50 51,0,21,,1134,28,4,,0,84,,1139,1,0,50 51,0,24,,1139,28,4,,0,86,,1127,1,0,50 51,0,65,,1127,28,4,,0,10,,1126,1,0,50 51,0,25,,1126,28,4,,0,10,,1132,1,0,50 51,0,65,,1132,28,4,,0,10,,1128,1,0,50 51,0,25,,1128,28,4,,0,50,,1131,1,0,50 51,0,25,,1131,28,4,,0,10,,1135,1,0,50 51,0,65,,1135,28,4,,0,10,,1133,1,0,50 51,0,25,,1133,28,4,,0,15,,1137,1,0,50 51,0,65,,1137,28,4,,0,10,,1130,1,0,50 51,0,25,,1130,28,4,,0,50,,1136,1,0,50 51,0,25,,1136,28,4,,0,10,,1129,1,0,50 51,0,24,,1129,28,4,,0,51,,1138,1,0,50 51,0,24,,1138,28,4,,0,86,,1140,1,0,50 51,0,23,,1140,28,4,,0,97,,1142,1,0,50 51,0,62,,1142,28,4,,0,38,,1141,1,0,50 51,0,61,,1141,28,4,,0
3301,'4332',755,,1147,1,0,50 51,0,61,,1147,28,4,,0,9,,1161,1,0,50 51,0,21,,1161,28,4,,0,12,,1143,1,0,50 51,0,61,,1143,28,4,,0,11,,1145,1,0,50 51,0,23,,1145,28,4,,0,52,,1150,1,0,50 51,0,23,,1150,28,4,,0,12,,1144,1,0,50 51,0,63,,1144,28,4,,0,12,,1163,1,0,50 51,0,24,,1163,28,4,,0,11,,1146,1,0,50 51,0,64,,1146,28,4,,0,11,,1149,1,0,50 51,0,24,,1149,28,4,,0,51,,1157,1,0,50 51,0,25,,1157,28,4,,0,10,,1148,1,0,50 51,0,65,,1148,28,4,,0,10,,1160,1,0,50 51,0,25,,1160,28,4,,0,15,,1152,1,0,50 51,0,65,,1152,28,4,,0,10,,1151,1,0,50 51,0,25,,1151,28,4,,0,50,,1158,1,0,50 51,0,25,,1158,28,4,,0,10,,1155,1,0,50 51,0,65,,1155,28,4,,0,10,,1162,1,0,50 51,0,24,,1162,28,4,,0,11,,1154,1,0,50 51,0,64,,1154,28,4,,0,11,,1156,1,0,50 51,0,24,,1156,28,4,,0,96,,1153,1,0,50 51,0,62,,1153,28,4,,0,38,,1159,1,0,50 51,0,62,,1159,28,4,,0
3301,'4480',550,,1164,1,0,50 51,0,63,,1164,28,4,,0,7,,1165,1,0,50 51,0,23,,1165,28,4,,0,7,,1166,1,0,50 51,0,65,,1166,28,4,,0,5,,1167,1,0,50 51,0,27,,1167,28,4,,0,3,,1168,1,0,50 51,0,69,,1168,28,4,,0,3,,1170,1,0,50 51,0,29,,1170,28,4,,0,4,,1190,1,0,50 51,0,67,,1190,28,4,,0,3,,1171,1,0,50 51,0,27,,1171,28,4,,0,5,,1172,1,0,50 51,0,66,,1172,28,4,,0,12,,1169,1,0,50 51,0,66,,1169,28,4,,0,9,,1173,1,0,50 51,0,26,,1173,28,4,,0,9,,1174,1,0,50 51,0,67,,1174,28,4,,0,8,,1175,1,0,50 51,0,27,,1175,28,4,,0,8,,1176,1,0,50 51,0,67,,1176,28,4,,0,8,,1177,1,0,50 51,0,27,,1177,28,4,,0,53,,1178,1,0,50 51,0,29,,1178,28,4,,0,6,,1191,1,0,50 51,0,69,,1191,28,4,,0,11,,1179,1,0,50 51,0,32,,1179,28,4,,0,43,,1180,1,0,50 51,0,29,,1180,28,4,,0,6,,1181,1,0,50 51,0,69,,1181,28,4,,0,8,,1188,1,0,50 51,0,29,,1188,28,4,,0,4,,1182,1,0,50 51,0,67,,1182,28,4,,0,5,,1183,1,0,50 51,0,26,,1183,28,4,,0,12,,1184,1,0,50 51,0,66,,1184,28,4,,0,21,,1185,1,0,50 51,0,65,,1185,28,4,,0,4,,1186,1,0,50 51,0,23,,1186,28,4,,0,3,,1187,1,0,50 51,0,22,,1187,28,4,,0,46,,1189,1,0,50 51,0,22,,1189,28,4,,0
3401,'4327',755,,1204,1,0,48 49,0,62,,1204,35,4,,0,118,,1194,1,0,48 49,0,23,,1194,35,4,,0,152,,1196,1,0,48 49,0,24,,1196,35,4,,0,11,,1192,1,0,48 49,0,64,,1192,35,4,,0,11,,1195,1,0,48 49,0,24,,1195,35,4,,0,11,,1193,1,0,48 49,0,64,,1193,35,4,,0,11,,1202,1,0,48 49,0,24,,1202,35,4,,0,51,,1201,1,0,48 49,0,24,,1201,35,4,,0,16,,1197,1,0,48 49,0,64,,1197,35,4,,0,11,,1200,1,0,48 49,0,24,,1200,35,4,,0,56,,1203,1,0,48 49,0,24,,1203,35,4,,0,11,,1199,1,0,48 49,0,24,,1199,35,4,,0,51,,1198,1,0,48 49,0,23,,1198,35,4,,0,172,,1205,1,0,48 49,0,22,,1205,35,4,,0
3401,'4332',755,,1223,1,0,48 49,0,62,,1223,35,4,,0,8,,1206,1,0,48 49,0,23,,1206,35,4,,0,10,,1209,1,0,48 49,0,63,,1209,35,4,,0,9,,1213,1,0,48 49,0,23,,1213,35,4,,0,47,,1207,1,0,48 49,0,23,,1207,35,4,,0,12,,1222,1,0,48 49,0,23,,1222,35,4,,0,52,,1210,1,0,48 49,0,24,,1210,35,4,,0,11,,1211,1,0,48 49,0,64,,1211,35,4,,0,11,,1214,1,0,48 49,0,24,,1214,35,4,,0,11,,1212,1,0,48 49,0,64,,1212,35,4,,0,11,,1225,1,0,48 49,0,24,,1225,35,4,,0,51,,1208,1,0,48 49,0,24,,1208,35,4,,0,16,,1219,1,0,48 49,0,64,,1219,35,4,,0,11,,1220,1,0,48 49,0,24,,1220,35,4,,0,56,,1215,1,0,48 49,0,24,,1215,35,4,,0,11,,1224,1,0,48 49,0,24,,1224,35,4,,0,51,,1218,1,0,48 49,0,23,,1218,35,4,,0,12,,1217,1,0,48 49,0,63,,1217,35,4,,0,47,,1216,1,0,48 49,0,63,,1216,35,4,,0,92,,1221,1,0,48 49,0,23,,1221,35,4,,0
3401,'4480',550,,1226,1,0,48 49,0,63,,1226,35,4,,0,7,,1227,1,0,48 49,0,23,,1227,35,4,,0,7,,1228,1,0,48 49,0,63,,1228,35,4,,0,7,,1229,1,0,48 49,0,24,,1229,35,4,,0,6,,1230,1,0,48 49,0,69,,1230,35,4,,0,3,,1231,1,0,48 49,0,29,,1231,35,4,,0,4,,1232,1,0,48 49,0,66,,1232,35,4,,0,4,,1233,1,0,48 49,0,25,,1233,35,4,,0,7,,1234,1,0,48 49,0,65,,1234,35,4,,0,8,,1235,1,0,48 49,0,25,,1235,35,4,,0,50,,1236,1,0,48 49,0,25,,1236,35,4,,0,10,,1237,1,0,48 49,0,66,,1237,35,4,,0,9,,1238,1,0,48 49,0,26,,1238,35,4,,0,9,,1239,1,0,48 49,0,67,,1239,35,4,,0,8,,1240,1,0,48 49,0,27,,1240,35,4,,0,53,,1241,1,0,48 49,0,28,,1241,35,4,,0,12,,1242,1,0,48 49,0,72,,1242,35,4,,0,3,,1243,1,0,48 49,0,31,,1243,35,4,,0,49,,1244,1,0,48 49,0,29,,1244,35,4,,0,6,,1245,1,0,48 49,0,69,,1245,35,4,,0,8,,1246,1,0,48 49,0,28,,1246,35,4,,0,5,,1247,1,0,48 49,0,67,,1247,35,4,,0,5,,1248,1,0,48 49,0,26,,1248,35,4,,0,12,,1249,1,0,48 49,0,65,,1249,35,4,,0,22,,1250,1,0,48 49,0,64,,1250,35,4,,0,31,,1251,1,0,48 49,0,63,,1251,35,4,,0,35,,1252,1,0,48 49,0,23,,1252,35,4,,0
3501,'4327',825,,1254,1,0,52,0,18,,1254,8,4,,0,377,,1253,1,0,52,0,18,,1253,8,4,,0,262,,1257,1,0,52,0,18,,1257,8,4,,0,207,,1255,1,0,52,0,18,,1255,8,4,,0,102,,1256,1,0,52,0,58,,1256,8,4,,0
3501,'4332',825,,1259,1,0,52,0,16,,1259,8,4,,0,379,,1262,1,0,52,0,16,,1262,8,4,,0,264,,1258,1,0,52,0,16,,1258,8,4,,0,209,,1260,1,0,52,0,16,,1260,8,4,,0,104,,1261,1,0,52,0,56,,1261,8,4,,0
3501,'4480',657,,1267,1,0,52,0,56,,1267,8,4,,0,12,,1268,1,0,52,0,17,,1268,8,4,,0,8,,1269,1,0,52,0,57,,1269,8,4,,0,15,,1270,1,0,52,0,19,,1270,8,4,,0,379,,1265,1,0,52,0,16,,1265,8,4,,0,284,,1266,1,0,52,0,19,,1266,8,4,,0,281,,1264,1,0,52,0,17,,1264,8,4,,0,103,,1263,1,0,52,0,16,,1263,8,4,,0
3900,'4327',845,,1274,1,0,44 45,0,84,,1274,33,4,,0,76,,1277,1,0,44 45,0,45,,1277,33,4,,0,60,,1272,1,0,44 45,0,45,,1272,33,4,,0,90,,1271,1,0,44 45,0,85,,1271,33,4,,0,25,,1275,1,0,44 45,0,85,,1275,33,4,,0,85,,1273,1,0,44 45,0,85,,1273,33,4,,0,20,,1278,1,0,44 45,0,84,,1278,33,4,,0,31,,1276,1,0,44 45,0,84,,1276,33,4,,0
3900,'4332',845,,1280,1,0,44 45,0,89,,1280,33,4,,0,71,,1281,1,0,44 45,0,49,,1281,33,4,,0,56,,1279,1,0,44 45,0,90,,1279,33,4,,0,45,,1282,1,0,44 45,0,90,,1282,33,4,,0,20,,1284,1,0,44 45,0,90,,1284,33,4,,0,80,,1283,1,0,44 45,0,90,,1283,33,4,,0,15,,1286,1,0,44 45,0,89,,1286,33,4,,0,26,,1285,1,0,44 45,0,88,,1285,33,4,,0
3900,'4480',626,,1292,1,0,46 47 21,0,18,,1292,8,4,,0,204,,1295,1,0,44 45,0,99,,1295,34,4,,0,10,,1289,1,0,44 45,0,88,,1289,33,4,,0,60,,1290,1,0,44 45,0,99,,1290,34,4,,0,46,,1291,1,0,44 45,0,89,,1291,33,4,,0,71,,1293,1,0,44 45,0,99,,1293,34,4,,0,91,,1294,1,0,44 45,0,59,,1294,34,4,,0,51,,1287,1,0,44 45,0,99,,1287,34,4,,0,31,,1288,1,0,44 45,0,88,,1288,33,4,,0
1003100,'4327',752,,2119,19,4,,0,102,,2111,19,4,,0,103,,2109,19,4,,0,148,,2113,19,4,,0,110,,2110,19,4,,0,110,,2108,19,4,,0,115,,2114,19,4,,0,115,,2115,19,4,,0,150,,2112,19,4,,0,140,,2116,19,4,,0,160,,2117,19,4,,0,103,,2118,19,4,,0
1003100,'4332',753,,2133,19,4,,0,101,,2122,19,4,,0,101,,2121,19,4,,0,150,,2120,19,4,,0,110,,2128,19,4,,0,110,,2132,19,4,,0,115,,2125,19,4,,0,115,,2129,19,4,,0,150,,2126,19,4,,0,110,,2127,19,4,,0,35,,2123,19,4,,0,155,,2124,19,4,,0,101,,2131,19,4,,0,98,,2130,19,4,,0
1003100,'4480',703,,2138,19,4,,0,29,,2139,19,4,,0,71,,2140,19,4,,0,31,,2141,19,4,,0,88,,2142,19,4,,0,105,,2143,19,4,,0,110,,2144,19,4,,0,110,,2145,19,4,,0,155,,2146,19,4,,0,114,,2147,19,4,,0,40,,2148,19,4,,0,75,,2135,19,4,,0,76,,2136,19,4,,0,34,,2134,19,4,,0,72,,2137,19,4,,0,39,,2149,19,4,,0,85,,2150,19,4,,0,121,,2151,19,4,,0,142,,2152,19,4,,0,108,,2153,19,4,,0
24003100,'4480',548,,2199,15,4,,0,70,,2196,15,4,,0,30,,2197,15,4,,0,70,,2198,15,4,,0
