101,'4327',627,,109,24,,,0,80,,110,24,,,0,45,,111,24,,,0,80,,112,24,,,0,80,,113,24,,,0,37,,114,24,,,0,94,,115,24,,,0,88,,116,24,,,0,86,,117,24,,,0,40,,118,24,,,0,80,,119,24,,,0,79,,120,24,,,0,40,,121,24,,,0,80,,122,24,,,0,80,,123,24,,,0,40,,124,24,,,0,81,,125,24,,,0,80,,126,24,,,0,42,,127,24,,,0,80,,128,24,,,0,81,,129,24,,,0,82,,130,24,,,0
101,'4332',627,,132,24,,,0,75,,131,24,,,0,30,,133,24,,,0,72,,134,24,,,0,29,,135,24,,,0,75,,136,24,,,0,42,,137,24,,,0,74,,138,24,,,0,32,,139,24,,,0,69,,140,24,,,0,30,,141,24,,,0,67,,142,24,,,0,29,,143,24,,,0,70,,144,24,,,0,30,,145,24,,,0,70,,146,24,,,0,30,,147,24,,,0,70,,148,24,,,0,30,,149,24,,,0,70,,150,24,,,0,30,,151,24,,,0,69,,152,24,,,0,27,,153,24,,,0,69,,154,24,,,0,38,,155,24,,,0,79,,156,24,,,0,78,,157,24,,,0,35,,158,24,,,0,75,,159,24,,,0,35,,160,24,,,0,72,,162,24,,,0,75,,161,24,,,0
101,'4480',552,,164,24,,,0,66,,165,24,,,0,31,,166,24,,,0,69,,167,24,,,0,23,,163,24,,,0,14,,168,24,,,0,56,,169,24,,,0,22,,170,24,,,0,21,,171,24,,,0,63,,172,24,,,0,20,,173,24,,,0,21,,174,24,,,0,62,,175,24,,,0,22,,176,24,,,0,62,,177,24,,,0,22,,178,24,,,0,23,,179,24,,,0,62,,180,24,,,0,21,,181,24,,,0,23,,182,24,,,0,65,,183,24,,,0,26,,184,24,,,0,60,,185,24,,,0,24,,186,24,,,0,18,,187,24,,,0,56,,188,24,,,0,16,,189,24,,,0,15,,190,24,,,0,15,,191,24,,,0,54,,192,24,,,0,15,,193,24,,,0,15,,194,24,,,0,15,,195,24,,,0,55,,196,24,,,0,15,,197,24,,,0,13,,198,24,,,0,14,,199,24,,,0,12,,200,24,,,0,61,,201,24,,,0,20,,202,24,,,0,20,,203,24,,,0,59,,211,24,,,0,30,,204,24,,,0,65,,205,24,,,0,23,,206,24,,,0,67,,212,24,,,0,23,,207,24,,,0,30,,208,24,,,0,74,,209,24,,,0,73,,210,24,,,0
201,'4327',620,,316,25,,,0,80,,317,25,,,0,39,,318,25,,,0,80,,319,25,,,0,86,,320,25,,,0,46,,321,25,,,0,79,,322,25,,,0,83,,323,25,,,0,37,,336,25,,,0,80,,324,25,,,0,79,,325,25,,,0,39,,326,25,,,0,80,,327,25,,,0,80,,328,25,,,0,40,,329,25,,,0,80,,330,25,,,0,80,,331,25,,,0,41,,333,25,,,0,79,,332,25,,,0,79,,334,25,,,0,39,,335,25,,,0,85,,338,25,,,0,98,,337,25,,,0
201,'4332',603,,340,25,,,0,31,,341,25,,,0,69,,342,25,,,0,35,,343,25,,,0,75,,344,25,,,0,34,,339,25,,,0,71,,345,25,,,0,34,,346,25,,,0,78,,347,25,,,0,70,,348,25,,,0,30,,349,25,,,0,70,,350,25,,,0,30,,352,25,,,0,28,,353,25,,,0,69,,354,25,,,0,30,,351,25,,,0,70,,355,25,,,0,30,,356,25,,,0,70,,357,25,,,0,30,,358,25,,,0,70,,359,25,,,0,26,,360,25,,,0,70,,361,25,,,0,30,,363,25,,,0,75,,364,25,,,0,76,,365,25,,,0,36,,362,25,,,0,75,,366,25,,,0,37,,368,25,,,0,75,,367,25,,,0,75,,369,25,,,0,36,,370,25,,,0
201,'4480',516,,371,25,,,0,35,,372,25,,,0,80,,373,25,,,0,75,,374,25,,,0,17,,375,25,,,0,15,,376,25,,,0,15,,377,25,,,0,56,,378,25,,,0,18,,379,25,,,0,18,,380,25,,,0,57,,381,25,,,0,20,,382,25,,,0,17,,383,25,,,0,20,,384,25,,,0,61,,385,25,,,0,22,,386,25,,,0,63,,387,25,,,0,26,,388,25,,,0,22,,389,25,,,0,62,,390,25,,,0,22,,391,25,,,0,63,,392,25,,,0,22,,393,25,,,0,23,,394,25,,,0,60,,395,25,,,0,23,,396,25,,,0,16,,397,25,,,0,56,,399,25,,,0,16,,400,25,,,0,14,,401,25,,,0,18,,402,25,,,0,54,,403,25,,,0,14,,405,25,,,0,13,,404,25,,,0,14,,406,25,,,0,15,,407,25,,,0,55,,408,25,,,0,16,,409,25,,,0,22,,410,25,,,0,60,,411,25,,,0,25,,412,25,,,0,64,,420,25,,,0,25,,413,25,,,0,24,,414,25,,,0,64,,415,25,,,0,27,,421,25,,,0,64,,416,25,,,0,29,,417,25,,,0,72,,418,25,,,0,34,,419,25,,,0
1701,'4480',629,,919,6,0,10 12,0,75,,920,6,0,10 12,0,51,,921,6,0,10 12,0,766,,915,6,0,10 12,0,85,,916,6,0,10 12,0,45,,917,6,0,10 12,0,84,,918,6,0,10 12,0,85,,914,6,0,10 12,0
2101,'4327',805,,962,6,,,0,99,,954,6,,,0,133,,955,6,,,0,168,,956,6,,,0,129,,957,6,,,0,177,,958,6,,,0,129,,959,6,,,0,172,,960,6,,,0,131,,961,6,,,0
2101,'4332',728,,971,6,,,0,129,,972,6,,,0,178,,970,6,,,0,165,,966,6,,,0,128,,964,6,,,0,106,,965,6,,,0,100,,967,6,,,0,101,,968,6,,,0,168,,969,6,,,0,131,,963,6,,,0
2101,'4480',603,,984,6,,,0,44,,985,6,,,0,166,,983,6,,,0,92,,982,6,,,0,37,,986,6,,,0,94,,981,6,,,0,165,,974,6,,,0,127,,979,6,,,0,104,,975,6,,,0,74,,976,6,,,0,106,,980,6,,,0,89,,978,6,,,0,108,,973,6,,,0,122,,977,6,,,0
2401,'4480',800,,990,31,0,5 6 7 8,0
1002101,'4480',722,,2107,6,,,0
