201,'4327',614,,316,17,,,0,40,,317,17,,,0,79,,318,17,,,0,80,,319,17,,,0,46,,320,17,,,0,86,,321,17,,,0,79,,322,17,,,0,82,,323,17,,,0,37,,336,17,,,0,80,,324,17,,,0,79,,325,17,,,0,38,,326,17,,,0,80,,327,17,,,0,80,,328,17,,,0,40,,329,17,,,0,80,,330,17,,,0,80,,331,17,,,0,41,,333,17,,,0,79,,332,17,,,0,80,,334,17,,,0,39,,335,17,,,0,85,,338,17,,,0,99,,337,17,,,0
201,'4332',558,,340,17,,,0,71,,341,17,,,0,28,,342,17,,,0,75,,343,17,,,0,75,,344,17,,,0,34,,339,17,,,0,71,,345,17,,,0,34,,346,17,,,0,77,,347,17,,,0,30,,348,17,,,0,70,,349,17,,,0,29,,350,17,,,0,70,,352,17,,,0,28,,353,17,,,0,69,,354,17,,,0,29,,351,17,,,0,70,,355,17,,,0,30,,356,17,,,0,70,,357,17,,,0,31,,358,17,,,0,70,,359,17,,,0,26,,360,17,,,0,70,,361,17,,,0,30,,363,17,,,0,76,,364,17,,,0,36,,365,17,,,0,76,,362,17,,,0,76,,366,17,,,0,37,,368,17,,,0,75,,367,17,,,0,35,,369,17,,,0,76,,370,17,,,0
201,'4480',510,,371,17,,,0,35,,372,17,,,0,80,,373,17,,,0,75,,374,17,,,0,17,,375,17,,,0,15,,376,17,,,0,14,,377,17,,,0,56,,378,17,,,0,19,,379,17,,,0,18,,380,17,,,0,17,,381,17,,,0,60,,382,17,,,0,17,,383,17,,,0,20,,384,17,,,0,61,,385,17,,,0,21,,386,17,,,0,23,,387,17,,,0,65,,388,17,,,0,21,,389,17,,,0,62,,390,17,,,0,22,,391,17,,,0,23,,392,17,,,0,62,,393,17,,,0,23,,394,17,,,0,20,,395,17,,,0,63,,396,17,,,0,14,,397,17,,,0,5,,422,5,0,20 19 21,0,11,,398,17,0,20 19 21,0,2,,399,17,,,0,56,,400,17,,,0,14,,401,17,,,0,18,,402,17,,,0,14,,403,17,,,0,54,,405,17,,,0,13,,404,17,,,0,14,,406,17,,,0,15,,407,17,,,0,56,,408,17,,,0,16,,409,17,,,0,22,,410,17,,,0,61,,411,17,,,0,25,,412,17,,,0,24,,420,17,,,0,65,,413,17,,,0,25,,414,17,,,0,64,,415,17,,,0,27,,421,17,,,0,24,,416,17,,,0,69,,417,17,,,0,32,,418,17,,,0,74,,419,17,,,0
500,'4327',644,,614,15,,,0,103,,615,15,,,0,96,,616,15,,,0,92,,628,15,,,0,97,,617,15,,,0,90,,618,15,,,0,104,,620,15,,,0,96,,621,15,,,0,101,,622,15,,,0,102,,619,15,,,0,100,,623,15,,,0,96,,624,15,,,0,103,,625,15,,,0,95,,626,15,,,0,93,,627,15,,,0
500,'4332',620,,653,15,,,0,95,,652,15,,,0,92,,651,15,,,0,102,,654,15,,,0,92,,629,15,,,0,34,,630,15,,,0,81,,631,15,,,0,37,,632,15,,,0,71,,634,15,,,0,35,,635,15,,,0,75,,636,15,,,0,75,,633,15,,,0,40,,637,15,,,0,77,,638,15,,,0,75,,639,15,,,0,40,,640,15,,,0,75,,641,15,,,0,28,,642,15,,,0,74,,643,15,,,0,33,,644,15,,,0,73,,645,15,,,0,83,,646,15,,,0,34,,647,15,,,0,75,,648,15,,,0,88,,649,15,,,0,99,,650,15,,,0
500,'4480',618,,655,15,,,0,84,,656,15,,,0,39,,657,15,,,0,76,,658,15,,,0,34,,659,15,,,0,74,,660,15,,,0,75,,661,15,,,0,36,,662,15,,,0,75,,663,15,,,0,36,,664,15,,,0,76,,665,15,,,0,78,,666,15,,,0,35,,667,15,,,0,77,,668,15,,,0,36,,669,15,,,0,83,,670,15,,,0,71,,671,15,,,0,36,,672,15,,,0,82,,673,15,,,0,33,,674,15,,,0,72,,675,15,,,0,28,,676,15,,,0,74,,677,15,,,0,73,,678,15,,,0,35,,679,15,,,0,68,,680,15,,,0,99,,681,15,,,0,99,,682,15,,,0
900,'4332',715,,845,57,,,0,100,,846,57,,,0,102,,847,57,,,0,101,,848,57,,,0,105,,849,57,,,0,96,,850,57,,,0,106,,851,57,,,0,100,,852,57,,,0,200,,854,57,,,0,103,,855,66,,,0,194,,857,57,,,0,95,,858,57,,,0,99,,859,57,,,0
1200,'4480',730,,886,19,,,0,80,,887,19,,,0,45,,888,19,,,0,75,,881,19,,,0,115,,882,19,,,0,160,,883,19,,,0,125,,884,19,,,0,129,,885,19,,,0,170,,879,19,,,0,81,,880,19,,,0,45,,878,19,,,0
2401,'4480',816,,990,42,0,5 6 7 8,0
2600,'4480',1528,,991,59,0,20 19 7 8,0
2601,'4480',813,,992,70,0,20 19 7 8,0
