300,'4327',639,,423,20,,,0,95,,424,20,,,0,89,,437,20,,,0,93,,426,20,,,0,90,,427,20,,,0,99,,428,20,,,0,95,,425,20,,,0,59,,429,20,,,0,141,,430,20,,,0,100,,431,20,,,0,100,,432,20,,,0,104,,433,20,,,0,97,,434,20,,,0,56,,435,20,,,0,100,,436,20,,,0
300,'4332',609,,462,20,,,0,50,,461,20,,,0,99,,463,20,,,0,88,,438,20,,,0,69,,439,20,,,0,40,,440,20,,,0,75,,442,20,,,0,70,,443,20,,,0,35,,444,20,,,0,75,,441,20,,,0,33,,445,20,,,0,80,,446,20,,,0,35,,447,20,,,0,75,,448,20,,,0,81,,449,20,,,0,35,,450,20,,,0,70,,451,20,,,0,36,,452,20,,,0,76,,453,20,,,0,75,,454,20,,,0,46,,455,20,,,0,75,,456,20,,,0,75,,457,20,,,0,50,,458,20,,,0,101,,459,20,,,0,101,,460,20,,,0
300,'4480',556,,465,20,,,0,70,,466,20,,,0,29,,467,20,,,0,75,,468,20,,,0,74,,469,20,,,0,35,,470,20,,,0,74,,471,20,,,0,35,,472,20,,,0,75,,473,20,,,0,35,,464,20,,,0,75,,474,20,,,0,74,,475,20,,,0,35,,476,20,,,0,75,,477,20,,,0,40,,478,20,,,0,73,,479,20,,,0,76,,480,20,,,0,40,,481,20,,,0,76,,482,20,,,0,34,,483,20,,,0,77,,484,20,,,0,76,,485,20,,,0,37,,487,20,,,0,75,,486,20,,,0,30,,488,20,,,0,101,,489,20,,,0,101,,490,20,,,0,103,,491,20,,,0
601,'4327',547,,750,5,,,0,110,,751,5,,,0,145,,752,5,,,0,105,,753,5,,,0,45,,755,5,,,0,100,,756,5,,,0,90,,757,5,,,0,101,,754,5,,,0,100,,758,5,,,0,100,,759,5,,,0,100,,760,5,,,0,99,,761,5,,,0,105,,762,5,,,0,160,,763,5,,,0,110,,764,5,,,0
601,'4332',552,,767,5,,,0,100,,768,5,,,0,100,,766,5,,,0,95,,769,5,,,0,100,,770,5,,,0,100,,771,5,,,0,95,,772,5,,,0,101,,773,5,,,0,100,,774,5,,,0,100,,775,5,,,0,100,,776,5,,,0,100,,777,5,,,0,105,,778,5,,,0,104,,779,5,,,0,95,,780,5,,,0,110,,781,5,,,0,155,,782,5,,,0,110,,765,5,,,0
601,'4480',546,,793,5,,,0,78,,794,5,,,0,77,,796,5,,,0,37,,797,5,,,0,80,,798,5,,,0,85,,795,5,,,0,35,,799,5,,,0,115,,800,5,,,0,160,,801,5,,,0,125,,802,5,,,0,83,,803,5,,,0,87,,785,5,,,0,48,,786,5,,,0,82,,787,5,,,0,80,,789,5,,,0,85,,790,5,,,0,43,,791,5,,,0,102,,788,5,,,0,109,,792,5,,,0,155,,783,5,,,0,110,,784,5,,,0
2401,'4480',738,,990,5,0,5 6 7 8,0
3100,'4327',1010,,999,5,,,0,109,,993,5,,,0,109,,994,5,,,0,110,,995,5,,,0,115,,996,5,,,0,156,,998,5,,,0,110,,997,5,,,0
3100,'4332',904,,1003,5,,,0,105,,1007,5,,,0,110,,1001,5,,,0,109,,1000,5,,,0,110,,1002,5,,,0,115,,1004,5,,,0,155,,1006,5,,,0,110,,1005,5,,,0
3100,'4480',727,,1008,5,,,0,31,,1009,5,,,0,71,,1010,5,,,0,104,,1011,5,,,0,107,,1012,5,,,0,110,,1013,5,,,0,109,,1014,5,,,0,154,,1015,5,,,0,96,,1016,5,,,0,40,,1017,5,,,0,74,,1018,5,,,0,34,,1019,5,,,0,76,,1020,5,,,0,76,,1021,5,,,0
1003100,'4327',730,,2119,5,,,0,102,,2111,5,,,0,102,,2109,5,,,0,107,,2113,5,,,0,110,,2110,5,,,0,150,,2108,5,,,0,114,,2114,5,,,0,115,,2115,5,,,0,111,,2112,5,,,0,181,,2116,5,,,0,120,,2117,5,,,0,104,,2118,5,,,0
1003100,'4332',732,,2133,5,,,0,100,,2122,5,,,0,100,,2121,5,,,0,109,,2120,5,,,0,110,,2128,5,,,0,150,,2132,5,,,0,115,,2125,5,,,0,114,,2129,5,,,0,111,,2126,5,,,0,110,,2127,5,,,0,75,,2123,5,,,0,115,,2124,5,,,0,102,,2131,5,,,0,100,,2130,5,,,0
1003100,'4480',640,,2138,5,,,0,69,,2139,5,,,0,30,,2140,5,,,0,68,,2141,5,,,0,50,,2142,5,,,0,146,,2143,5,,,0,109,,2144,5,,,0,109,,2145,5,,,0,115,,2146,5,,,0,109,,2147,5,,,0,81,,2148,5,,,0,74,,2135,5,,,0,36,,2136,5,,,0,79,,2134,5,,,0,32,,2137,5,,,0,80,,2149,5,,,0,85,,2150,5,,,0,122,,2151,5,,,0,104,,2152,5,,,0,109,,2153,5,,,0
24003100,'4480',532,,2199,5,0,22 23 24 25,0,69,,2196,5,0,22 23 24 25,0,29,,2197,5,0,22 23 24 25,0,29,,2198,5,0,22 23 24 25,0
