300,'4327',635,,423,14,,,0,95,,424,14,,,0,88,,437,14,,,0,93,,426,14,,,0,90,,427,14,,,0,58,,428,14,,,0,95,,425,14,,,0,99,,429,14,,,0,101,,430,14,,,0,100,,431,14,,,0,100,,432,14,,,0,104,,433,14,,,0,98,,434,14,,,0,96,,435,14,,,0,100,,436,14,,,0
300,'4332',605,,462,14,,,0,50,,461,14,,,0,99,,463,14,,,0,87,,438,14,,,0,68,,439,14,,,0,40,,440,14,,,0,75,,442,14,,,0,30,,443,14,,,0,75,,444,14,,,0,75,,441,14,,,0,33,,445,14,,,0,80,,446,14,,,0,35,,447,14,,,0,75,,448,14,,,0,81,,449,14,,,0,35,,450,14,,,0,70,,451,14,,,0,36,,452,14,,,0,76,,453,14,,,0,75,,454,14,,,0,46,,455,14,,,0,75,,456,14,,,0,36,,457,14,,,0,90,,458,14,,,0,102,,459,14,,,0,101,,460,14,,,0
300,'4480',551,,465,14,,,0,70,,466,14,,,0,29,,467,14,,,0,74,,468,14,,,0,34,,469,14,,,0,75,,470,14,,,0,74,,471,14,,,0,35,,472,14,,,0,75,,473,14,,,0,35,,464,14,,,0,75,,474,14,,,0,74,,475,14,,,0,35,,476,14,,,0,75,,477,14,,,0,40,,478,14,,,0,72,,479,14,,,0,36,,480,14,,,0,80,,481,14,,,0,76,,482,14,,,0,34,,483,14,,,0,78,,484,14,,,0,76,,485,14,,,0,37,,487,14,,,0,75,,486,14,,,0,30,,488,14,,,0,101,,489,14,,,0,102,,490,14,,,0,104,,491,14,,,0
301,'4327',624,,495,26,,,0,101,,496,26,,,0,96,,498,26,,,0,91,,507,26,,,0,96,,493,26,,,0,50,,499,26,,,0,101,,500,26,,,0,96,,497,26,,,0,101,,501,26,,,0,101,,502,26,,,0,100,,503,26,,,0,98,,504,26,,,0,104,,505,26,,,0,96,,506,26,,,0,93,,492,26,,,0
301,'4332',559,,533,26,,,0,95,,532,26,,,0,92,,531,26,,,0,100,,534,26,,,0,92,,508,26,,,0,71,,509,26,,,0,40,,510,26,,,0,77,,511,26,,,0,30,,512,26,,,0,75,,513,26,,,0,75,,514,26,,,0,35,,515,26,,,0,80,,516,26,,,0,36,,517,26,,,0,75,,518,26,,,0,80,,519,26,,,0,35,,520,26,,,0,69,,521,26,,,0,35,,522,26,,,0,74,,523,26,,,0,34,,524,26,,,0,84,,525,26,,,0,75,,526,26,,,0,35,,527,26,,,0,88,,528,26,,,0,100,,529,26,,,0
301,'4480',557,,536,26,,,0,83,,537,26,,,0,76,,538,26,,,0,33,,539,26,,,0,75,,540,26,,,0,35,,541,26,,,0,75,,542,26,,,0,75,,543,26,,,0,35,,535,26,,,0,76,,544,26,,,0,36,,545,26,,,0,75,,546,26,,,0,75,,547,26,,,0,36,,548,26,,,0,75,,549,26,,,0,41,,550,26,,,0,75,,551,26,,,0,76,,552,26,,,0,40,,553,26,,,0,76,,554,26,,,0,32,,555,26,,,0,72,,556,26,,,0,75,,557,26,,,0,33,,558,26,,,0,75,,559,26,,,0,29,,560,26,,,0,100,,561,26,,,0,99,,562,26,,,0
2400,'4480',1514,,989,23,0,5 6 7 8,0
3101,'4327',818,,1028,17,,,0,209,,1025,17,,,0,220,,1022,17,,,0,110,,1026,17,,,0,154,,1024,17,,,0,115,,1027,17,,,0,109,,1023,17,,,0
3101,'4332',818,,1032,17,,,0,104,,1031,17,,,0,103,,1029,17,,,0,112,,1036,17,,,0,110,,1037,17,,,0,110,,1030,17,,,0,155,,1035,17,,,0,115,,1033,17,,,0,110,,1034,17,,,0,108,,1038,17,,,0
3101,'4480',645,,1039,17,,,0,83,,1040,17,,,0,72,,1042,17,,,0,32,,1043,17,,,0,72,,1041,17,,,0,47,,1045,17,,,0,106,,1046,17,,,0,150,,1047,17,,,0,110,,1044,17,,,0,116,,1048,17,,,0,118,,1049,17,,,0,78,,1051,17,,,0,75,,1052,17,,,0,36,,1053,17,,,0,72,,1050,17,,,0,31,,1054,17,,,0,58,,1055,17,,,0
1003101,'4327',923,,2161,20,,,0,215,,2160,20,,,0,75,,2154,20,,,0,110,,2156,20,,,0,110,,2157,20,,,0,114,,2158,20,,,0,155,,2159,20,,,0,110,,2155,20,,,0,109,,2162,20,,,0,115,,2163,20,,,0,98,,2164,20,,,0
1003101,'4332',852,,2170,20,,,0,105,,2176,20,,,0,146,,2165,20,,,0,111,,2166,20,,,0,110,,2167,20,,,0,110,,2169,20,,,0,115,,2174,20,,,0,155,,2172,20,,,0,109,,2171,20,,,0,109,,2168,20,,,0,115,,2173,20,,,0,100,,2175,20,,,0
1003101,'4480',715,,2177,20,,,0,32,,2178,20,,,0,72,,2179,20,,,0,32,,2180,20,,,0,72,,2181,20,,,0,102,,2182,20,,,0,109,,2183,20,,,0,110,,2184,20,,,0,110,,2185,20,,,0,159,,2186,20,,,0,99,,2187,20,,,0,38,,2188,20,,,0,74,,2189,20,,,0,34,,2190,20,,,0,71,,2191,20,,,0,91,,2192,20,,,0,90,,2193,20,,,0,121,,2194,20,,,0,108,,2195,20,,,0
