100,'4327',622,,1,26,,,0,81,,2,26,,,0,40,,3,26,,,0,81,,4,26,,,0,80,,5,26,,,0,50,,6,26,,,0,88,,7,26,,,0,80,,8,26,,,0,85,,9,26,,,0,38,,22,26,,,0,80,,10,26,,,0,80,,11,26,,,0,41,,12,26,,,0,80,,13,26,,,0,80,,14,26,,,0,40,,15,26,,,0,79,,16,26,,,0,79,,17,26,,,0,40,,18,26,,,0,77,,19,26,,,0,38,,20,26,,,0,76,,21,26,,,0,85,,23,26,,,0,94,,24,26,,,0
100,'4332',617,,25,26,,,0,32,,26,26,,,0,70,,27,26,,,0,30,,28,26,,,0,75,,29,26,,,0,76,,30,26,,,0,37,,31,26,,,0,72,,33,26,,,0,38,,34,26,,,0,77,,32,26,,,0,31,,35,26,,,0,70,,36,26,,,0,30,,37,26,,,0,71,,38,26,,,0,30,,39,26,,,0,70,,40,26,,,0,30,,41,26,,,0,70,,42,26,,,0,30,,43,26,,,0,70,,44,26,,,0,30,,45,26,,,0,69,,46,26,,,0,24,,47,26,,,0,69,,48,26,,,0,29,,49,26,,,0,75,,50,26,,,0,34,,51,26,,,0,74,,52,26,,,0,75,,53,26,,,0,34,,54,26,,,0,75,,55,26,,,0,34,,56,26,,,0
100,'4480',532,,58,26,,,0,70,,59,26,,,0,33,,57,26,,,0,20,,61,26,,,0,62,,62,26,,,0,21,,60,26,,,0,15,,63,26,,,0,61,,64,26,,,0,17,,65,26,,,0,15,,66,26,,,0,55,,67,26,,,0,17,,69,26,,,0,18,,68,26,,,0,15,,70,26,,,0,60,,71,26,,,0,19,,72,26,,,0,21,,73,26,,,0,62,,74,26,,,0,22,,75,26,,,0,24,,76,26,,,0,67,,78,26,,,0,22,,77,26,,,0,62,,79,26,,,0,24,,80,26,,,0,23,,82,26,,,0,63,,81,26,,,0,23,,83,26,,,0,63,,84,26,,,0,23,,85,26,,,0,16,,86,26,,,0,14,,87,26,,,0,57,,88,26,,,0,14,,89,26,,,0,17,,90,26,,,0,54,,91,26,,,0,14,,92,26,,,0,14,,93,26,,,0,12,,94,26,,,0,14,,95,26,,,0,53,,96,26,,,0,17,,97,26,,,0,19,,98,26,,,0,60,,99,26,,,0,23,,100,26,,,0,23,,107,26,,,0,64,,101,26,,,0,23,,102,26,,,0,64,,103,26,,,0,25,,108,26,,,0,24,,104,26,,,0,68,,105,26,,,0,30,,106,26,,,0
200,'4327',625,,213,31,,,0,75,,214,31,,,0,41,,215,31,,,0,86,,216,31,,,0,81,,217,31,,,0,43,,218,31,,,0,82,,219,31,,,0,96,,220,31,,,0,89,,221,31,,,0,86,,222,31,,,0,41,,223,31,,,0,80,,224,31,,,0,80,,225,31,,,0,40,,226,31,,,0,80,,227,31,,,0,80,,228,31,,,0,38,,229,31,,,0,80,,230,31,,,0,79,,231,31,,,0,39,,232,31,,,0,79,,233,31,,,0,80,,235,31,,,0,38,,234,31,,,0
200,'4332',626,,236,31,,,0,75,,237,31,,,0,35,,238,31,,,0,72,,239,31,,,0,33,,240,31,,,0,71,,241,31,,,0,37,,242,31,,,0,84,,243,31,,,0,76,,244,31,,,0,33,,245,31,,,0,70,,247,31,,,0,30,,248,31,,,0,68,,249,31,,,0,30,,246,31,,,0,70,,250,31,,,0,30,,251,31,,,0,70,,252,31,,,0,29,,253,31,,,0,70,,254,31,,,0,30,,256,31,,,0,69,,257,31,,,0,29,,255,31,,,0,68,,258,31,,,0,27,,259,31,,,0,69,,260,31,,,0,35,,261,31,,,0,78,,262,31,,,0,35,,263,31,,,0,75,,264,31,,,0,34,,265,31,,,0,73,,266,31,,,0
200,'4480',552,,267,31,,,0,76,,268,31,,,0,27,,269,31,,,0,72,,270,31,,,0,18,,271,31,,,0,55,,272,31,,,0,29,,273,31,,,0,12,,274,31,,,0,15,,275,31,,,0,60,,276,31,,,0,21,,277,31,,,0,22,,278,31,,,0,61,,279,31,,,0,23,,280,31,,,0,62,,281,31,,,0,23,,282,31,,,0,22,,283,31,,,0,62,,284,31,,,0,23,,285,31,,,0,22,,286,31,,,0,61,,287,31,,,0,23,,288,31,,,0,66,,289,31,,,0,28,,290,31,,,0,65,,291,31,,,0,22,,292,31,,,0,16,,293,31,,,0,16,,294,31,,,0,56,,295,31,,,0,14,,296,31,,,0,15,,297,31,,,0,14,,298,31,,,0,55,,299,31,,,0,15,,300,31,,,0,15,,301,31,,,0,14,,302,31,,,0,55,,303,31,,,0,21,,304,31,,,0,14,,305,31,,,0,60,,306,31,,,0,19,,307,31,,,0,20,,308,31,,,0,59,,314,31,,,0,28,,309,31,,,0,24,,310,31,,,0,64,,311,31,,,0,24,,315,31,,,0,63,,312,31,,,0,30,,313,31,,,0
501,'4327',618,,684,3,,,0,95,,683,3,,,0,87,,697,3,,,0,52,,685,3,,,0,90,,686,3,,,0,97,,687,3,,,0,94,,688,3,,,0,99,,689,3,,,0,100,,691,3,,,0,100,,692,3,,,0,100,,693,3,,,0,104,,690,3,,,0,100,,694,3,,,0,97,,695,3,,,0,100,,696,3,,,0
501,'4332',639,,721,3,,,0,98,,722,3,,,0,86,,700,3,,,0,27,,701,3,,,0,80,,698,3,,,0,75,,699,3,,,0,29,,702,3,,,0,75,,703,3,,,0,35,,704,3,,,0,73,,705,3,,,0,38,,706,3,,,0,75,,707,3,,,0,75,,708,3,,,0,41,,709,3,,,0,75,,710,3,,,0,31,,711,3,,,0,76,,712,3,,,0,76,,713,3,,,0,36,,714,3,,,0,86,,715,3,,,0,76,,716,3,,,0,36,,718,3,,,0,90,,719,3,,,0,102,,720,3,,,0,101,,717,3,,,0
501,'4480',604,,723,3,,,0,27,,724,3,,,0,74,,725,3,,,0,32,,726,3,,,0,73,,727,3,,,0,35,,729,3,,,0,77,,728,3,,,0,34,,730,3,,,0,75,,731,3,,,0,73,,732,3,,,0,34,,733,3,,,0,75,,734,3,,,0,35,,735,3,,,0,79,,736,3,,,0,30,,737,3,,,0,72,,738,3,,,0,85,,739,3,,,0,37,,740,3,,,0,73,,741,3,,,0,79,,742,3,,,0,39,,743,3,,,0,77,,744,3,,,0,36,,745,3,,,0,71,,746,3,,,0,102,,747,3,,,0,102,,748,3,,,0,105,,749,3,,,0
700,'4332',526,,812,3,0,11 12,0,100,,813,3,0,11 12,0,199,,814,3,0,11 12,0,200,,815,3,0,11 12,0,200,,816,3,0,11 12,0,199,,817,3,0,11 12,0,200,,818,3,0,11 12,0,401,,820,3,0,11 12,0
900,'4332',1649,,855,3,0,13 2 14 15,0
1201,'4480',704,,897,3,,,0,39,,898,3,,,0,86,,899,3,,,0,77,,894,3,,,0,115,,895,3,,,0,119,,896,3,,,0,164,,889,3,,,0,126,,891,3,,,0,171,,892,3,,,0,42,,893,3,,,0,85,,890,3,,,0
2400,'4480',1431,,989,3,0,5 6 7 8,0
2600,'4480',1427,,991,3,0,14 15 7 8,0
2601,'4480',716,,992,3,0,14 15 7 8,0
1000700,'4332',725,,2087,3,0,16,0,199,,2088,3,0,16,0,200,,2089,3,0,16,0,200,,2090,3,0,16,0,400,,2092,3,0,16,0,200,,2093,3,0,16,0,201,,2094,3,0,16,0
