301,'4327',622,,495,23,,,0,101,,496,23,,,0,96,,498,23,,,0,91,,507,23,,,0,96,,493,23,,,0,50,,499,23,,,0,101,,500,23,,,0,95,,497,23,,,0,101,,501,23,,,0,101,,502,23,,,0,100,,503,23,,,0,99,,504,23,,,0,104,,505,23,,,0,96,,506,23,,,0,93,,492,23,,,0
301,'4332',557,,533,23,,,0,95,,532,23,,,0,92,,531,23,,,0,100,,534,23,,,0,92,,508,23,,,0,71,,509,23,,,0,40,,510,23,,,0,76,,511,23,,,0,30,,512,23,,,0,75,,513,23,,,0,75,,514,23,,,0,35,,515,23,,,0,80,,516,23,,,0,36,,517,23,,,0,75,,518,23,,,0,80,,519,23,,,0,35,,520,23,,,0,69,,521,23,,,0,35,,522,23,,,0,75,,523,23,,,0,34,,524,23,,,0,84,,525,23,,,0,75,,526,23,,,0,35,,527,23,,,0,88,,528,23,,,0,100,,529,23,,,0
301,'4480',555,,536,23,,,0,83,,537,23,,,0,76,,538,23,,,0,33,,539,23,,,0,75,,540,23,,,0,35,,541,23,,,0,75,,542,23,,,0,75,,543,23,,,0,35,,535,23,,,0,75,,544,23,,,0,36,,545,23,,,0,75,,546,23,,,0,75,,547,23,,,0,36,,548,23,,,0,75,,549,23,,,0,41,,550,23,,,0,75,,551,23,,,0,76,,552,23,,,0,40,,553,23,,,0,76,,554,23,,,0,32,,555,23,,,0,73,,556,23,,,0,75,,557,23,,,0,33,,558,23,,,0,75,,559,23,,,0,29,,560,23,,,0,100,,561,23,,,0,99,,562,23,,,0
2400,'4480',1511,,989,20,0,5 6 7 8,0
3101,'4327',816,,1028,14,,,0,208,,1025,14,,,0,220,,1022,14,,,0,110,,1026,14,,,0,154,,1024,14,,,0,115,,1027,14,,,0,109,,1023,14,,,0
3101,'4332',815,,1032,14,,,0,104,,1031,14,,,0,103,,1029,14,,,0,112,,1036,14,,,0,110,,1037,14,,,0,110,,1030,14,,,0,156,,1035,14,,,0,115,,1033,14,,,0,109,,1034,14,,,0,108,,1038,14,,,0
3101,'4480',643,,1039,14,,,0,83,,1040,14,,,0,31,,1042,14,,,0,73,,1043,14,,,0,72,,1041,14,,,0,46,,1045,14,,,0,106,,1046,14,,,0,151,,1047,14,,,0,110,,1044,14,,,0,116,,1048,14,,,0,117,,1049,14,,,0,79,,1051,14,,,0,75,,1052,14,,,0,36,,1053,14,,,0,72,,1050,14,,,0,30,,1054,14,,,0,18,,1055,14,,,0
1003101,'4327',921,,2161,17,,,0,214,,2160,17,,,0,75,,2154,17,,,0,110,,2156,17,,,0,110,,2157,17,,,0,114,,2158,17,,,0,115,,2159,17,,,0,150,,2155,17,,,0,109,,2162,17,,,0,115,,2163,17,,,0,99,,2164,17,,,0
1003101,'4332',849,,2170,17,,,0,105,,2176,17,,,0,146,,2165,17,,,0,111,,2166,17,,,0,110,,2167,17,,,0,111,,2169,17,,,0,115,,2174,17,,,0,154,,2172,17,,,0,109,,2171,17,,,0,109,,2168,17,,,0,115,,2173,17,,,0,100,,2175,17,,,0
1003101,'4480',713,,2177,17,,,0,31,,2178,17,,,0,73,,2179,17,,,0,32,,2180,17,,,0,72,,2181,17,,,0,101,,2182,17,,,0,110,,2183,17,,,0,110,,2184,17,,,0,110,,2185,17,,,0,158,,2186,17,,,0,100,,2187,17,,,0,38,,2188,17,,,0,74,,2189,17,,,0,34,,2190,17,,,0,70,,2191,17,,,0,91,,2192,17,,,0,90,,2193,17,,,0,121,,2194,17,,,0,109,,2195,17,,,0
