200,'4327',625,,213,32,,,0,75,,214,32,,,0,41,,215,32,,,0,86,,216,32,,,0,81,,217,32,,,0,43,,218,32,,,0,82,,219,32,,,0,96,,220,32,,,0,89,,221,32,,,0,86,,222,32,,,0,41,,223,32,,,0,80,,224,32,,,0,80,,225,32,,,0,40,,226,32,,,0,80,,227,32,,,0,80,,228,32,,,0,38,,229,32,,,0,80,,230,32,,,0,79,,231,32,,,0,39,,232,32,,,0,79,,233,32,,,0,80,,235,32,,,0,38,,234,32,,,0
200,'4332',626,,236,32,,,0,75,,237,32,,,0,35,,238,32,,,0,72,,239,32,,,0,33,,240,32,,,0,71,,241,32,,,0,37,,242,32,,,0,84,,243,32,,,0,76,,244,32,,,0,33,,245,32,,,0,70,,247,32,,,0,30,,248,32,,,0,68,,249,32,,,0,30,,246,32,,,0,70,,250,32,,,0,30,,251,32,,,0,70,,252,32,,,0,29,,253,32,,,0,70,,254,32,,,0,30,,256,32,,,0,69,,257,32,,,0,29,,255,32,,,0,68,,258,32,,,0,27,,259,32,,,0,69,,260,32,,,0,35,,261,32,,,0,78,,262,32,,,0,35,,263,32,,,0,75,,264,32,,,0,34,,265,32,,,0,73,,266,32,,,0
200,'4480',552,,267,32,,,0,76,,268,32,,,0,27,,269,32,,,0,72,,270,32,,,0,19,,271,32,,,0,55,,272,32,,,0,28,,273,32,,,0,12,,274,32,,,0,15,,275,32,,,0,60,,276,32,,,0,21,,277,32,,,0,22,,278,32,,,0,61,,279,32,,,0,23,,280,32,,,0,62,,281,32,,,0,23,,282,32,,,0,22,,283,32,,,0,62,,284,32,,,0,23,,285,32,,,0,22,,286,32,,,0,61,,287,32,,,0,23,,288,32,,,0,66,,289,32,,,0,29,,290,32,,,0,65,,291,32,,,0,22,,292,32,,,0,16,,293,32,,,0,15,,294,32,,,0,56,,295,32,,,0,14,,296,32,,,0,15,,297,32,,,0,14,,298,32,,,0,55,,299,32,,,0,15,,300,32,,,0,15,,301,32,,,0,14,,302,32,,,0,55,,303,32,,,0,21,,304,32,,,0,14,,305,32,,,0,60,,306,32,,,0,19,,307,32,,,0,20,,308,32,,,0,59,,314,32,,,0,28,,309,32,,,0,24,,310,32,,,0,64,,311,32,,,0,24,,315,32,,,0,63,,312,32,,,0,30,,313,32,,,0
501,'4327',619,,684,4,,,0,95,,683,4,,,0,87,,697,4,,,0,52,,685,4,,,0,90,,686,4,,,0,96,,687,4,,,0,94,,688,4,,,0,99,,689,4,,,0,100,,691,4,,,0,100,,692,4,,,0,100,,693,4,,,0,104,,690,4,,,0,100,,694,4,,,0,97,,695,4,,,0,100,,696,4,,,0
501,'4332',640,,721,4,,,0,98,,722,4,,,0,86,,700,4,,,0,27,,701,4,,,0,80,,698,4,,,0,74,,699,4,,,0,29,,702,4,,,0,75,,703,4,,,0,35,,704,4,,,0,73,,705,4,,,0,38,,706,4,,,0,75,,707,4,,,0,75,,708,4,,,0,41,,709,4,,,0,75,,710,4,,,0,31,,711,4,,,0,76,,712,4,,,0,76,,713,4,,,0,36,,714,4,,,0,86,,715,4,,,0,76,,716,4,,,0,36,,718,4,,,0,91,,719,4,,,0,102,,720,4,,,0,101,,717,4,,,0
501,'4480',605,,723,4,,,0,26,,724,4,,,0,74,,725,4,,,0,32,,726,4,,,0,73,,727,4,,,0,35,,729,4,,,0,77,,728,4,,,0,34,,730,4,,,0,75,,731,4,,,0,73,,732,4,,,0,34,,733,4,,,0,75,,734,4,,,0,35,,735,4,,,0,79,,736,4,,,0,30,,737,4,,,0,73,,738,4,,,0,84,,739,4,,,0,37,,740,4,,,0,73,,741,4,,,0,79,,742,4,,,0,39,,743,4,,,0,77,,744,4,,,0,36,,745,4,,,0,71,,746,4,,,0,102,,747,4,,,0,102,,748,4,,,0,106,,749,4,,,0
900,'4332',1649,,855,4,0,13 2 14 15,0
1201,'4480',704,,897,4,,,0,39,,898,4,,,0,86,,899,4,,,0,77,,894,4,,,0,115,,895,4,,,0,119,,896,4,,,0,164,,889,4,,,0,126,,891,4,,,0,171,,892,4,,,0,42,,893,4,,,0,85,,890,4,,,0
2400,'4480',1432,,989,4,0,5 6 7 8,0
2600,'4480',1428,,991,4,0,14 15 7 8,0
2601,'4480',716,,992,4,0,14 15 7 8,0
