201,'4327',615,,316,18,,,0,40,,317,18,,,0,79,,318,18,,,0,80,,319,18,,,0,86,,320,18,,,0,46,,321,18,,,0,79,,322,18,,,0,81,,323,18,,,0,37,,336,18,,,0,80,,324,18,,,0,79,,325,18,,,0,38,,326,18,,,0,80,,327,18,,,0,80,,328,18,,,0,40,,329,18,,,0,80,,330,18,,,0,80,,331,18,,,0,41,,333,18,,,0,79,,332,18,,,0,80,,334,18,,,0,40,,335,18,,,0,85,,338,18,,,0,99,,337,18,,,0
201,'4332',559,,340,18,,,0,71,,341,18,,,0,28,,342,18,,,0,75,,343,18,,,0,75,,344,18,,,0,34,,339,18,,,0,71,,345,18,,,0,34,,346,18,,,0,77,,347,18,,,0,30,,348,18,,,0,70,,349,18,,,0,29,,350,18,,,0,69,,352,18,,,0,28,,353,18,,,0,69,,354,18,,,0,29,,351,18,,,0,70,,355,18,,,0,30,,356,18,,,0,70,,357,18,,,0,31,,358,18,,,0,70,,359,18,,,0,26,,360,18,,,0,70,,361,18,,,0,30,,363,18,,,0,76,,364,18,,,0,36,,365,18,,,0,77,,362,18,,,0,76,,366,18,,,0,37,,368,18,,,0,75,,367,18,,,0,35,,369,18,,,0,76,,370,18,,,0
201,'4480',511,,371,18,,,0,35,,372,18,,,0,80,,373,18,,,0,74,,374,18,,,0,17,,375,18,,,0,15,,376,18,,,0,15,,377,18,,,0,56,,378,18,,,0,18,,379,18,,,0,18,,380,18,,,0,17,,381,18,,,0,60,,382,18,,,0,17,,383,18,,,0,20,,384,18,,,0,61,,385,18,,,0,21,,386,18,,,0,23,,387,18,,,0,66,,388,18,,,0,21,,389,18,,,0,62,,390,18,,,0,22,,391,18,,,0,23,,392,18,,,0,62,,393,18,,,0,23,,394,18,,,0,20,,395,18,,,0,63,,396,18,,,0,14,,397,18,,,0,5,,422,6,0,20 19 21,0,11,,398,18,0,20 19 21,0,2,,399,18,,,0,56,,400,18,,,0,14,,401,18,,,0,18,,402,18,,,0,14,,403,18,,,0,54,,405,18,,,0,13,,404,18,,,0,14,,406,18,,,0,15,,407,18,,,0,55,,408,18,,,0,16,,409,18,,,0,22,,410,18,,,0,61,,411,18,,,0,25,,412,18,,,0,24,,420,18,,,0,65,,413,18,,,0,25,,414,18,,,0,64,,415,18,,,0,27,,421,18,,,0,24,,416,18,,,0,69,,417,18,,,0,73,,418,18,,,0,34,,419,18,,,0
500,'4327',645,,614,16,,,0,103,,615,16,,,0,96,,616,16,,,0,92,,628,16,,,0,97,,617,16,,,0,90,,618,16,,,0,103,,620,16,,,0,96,,621,16,,,0,101,,622,16,,,0,102,,619,16,,,0,100,,623,16,,,0,97,,624,16,,,0,103,,625,16,,,0,95,,626,16,,,0,93,,627,16,,,0
500,'4332',621,,653,16,,,0,95,,652,16,,,0,92,,651,16,,,0,102,,654,16,,,0,92,,629,16,,,0,33,,630,16,,,0,81,,631,16,,,0,37,,632,16,,,0,71,,634,16,,,0,35,,635,16,,,0,75,,636,16,,,0,75,,633,16,,,0,40,,637,16,,,0,77,,638,16,,,0,75,,639,16,,,0,40,,640,16,,,0,75,,641,16,,,0,28,,642,16,,,0,75,,643,16,,,0,33,,644,16,,,0,73,,645,16,,,0,83,,646,16,,,0,34,,647,16,,,0,75,,648,16,,,0,88,,649,16,,,0,99,,650,16,,,0
500,'4480',619,,655,16,,,0,84,,656,16,,,0,38,,657,16,,,0,76,,658,16,,,0,34,,659,16,,,0,74,,660,16,,,0,75,,661,16,,,0,36,,662,16,,,0,75,,663,16,,,0,36,,664,16,,,0,76,,665,16,,,0,78,,666,16,,,0,36,,667,16,,,0,77,,668,16,,,0,36,,669,16,,,0,83,,670,16,,,0,71,,671,16,,,0,35,,672,16,,,0,82,,673,16,,,0,33,,674,16,,,0,72,,675,16,,,0,29,,676,16,,,0,74,,677,16,,,0,73,,678,16,,,0,35,,679,16,,,0,68,,680,16,,,0,99,,681,16,,,0,99,,682,16,,,0
900,'4332',716,,845,58,,,0,100,,846,58,,,0,101,,847,58,,,0,101,,848,58,,,0,105,,849,58,,,0,96,,850,58,,,0,106,,851,58,,,0,100,,852,58,,,0,200,,854,58,,,0,104,,855,67,,,0,194,,857,58,,,0,95,,858,58,,,0,99,,859,58,,,0
1200,'4480',730,,886,20,,,0,80,,887,20,,,0,45,,888,20,,,0,76,,881,20,,,0,115,,882,20,,,0,159,,883,20,,,0,125,,884,20,,,0,170,,885,20,,,0,130,,879,20,,,0,80,,880,20,,,0,45,,878,20,,,0
2401,'4480',817,,990,43,0,5 6 7 8,0
2600,'4480',1528,,991,60,0,20 19 7 8,0
2601,'4480',814,,992,71,0,20 19 7 8,0
