300,'4327',628,,423,4,,,0,95,,424,4,,,0,88,,437,4,,,0,93,,426,4,,,0,50,,427,4,,,0,97,,428,4,,,0,95,,425,4,,,0,99,,429,4,,,0,101,,430,4,,,0,100,,431,4,,,0,100,,432,4,,,0,104,,433,4,,,0,99,,434,4,,,0,96,,435,4,,,0,100,,436,4,,,0
300,'4332',559,,462,4,,,0,90,,461,4,,,0,98,,463,4,,,0,87,,438,4,,,0,68,,439,4,,,0,40,,440,4,,,0,75,,442,4,,,0,29,,443,4,,,0,75,,444,4,,,0,35,,441,4,,,0,73,,445,4,,,0,80,,446,4,,,0,35,,447,4,,,0,75,,448,4,,,0,81,,449,4,,,0,35,,450,4,,,0,70,,451,4,,,0,36,,452,4,,,0,76,,453,4,,,0,36,,454,4,,,0,86,,455,4,,,0,75,,456,4,,,0,36,,457,4,,,0,90,,458,4,,,0,102,,459,4,,,0,101,,460,4,,,0
300,'4480',544,,465,4,,,0,70,,466,4,,,0,29,,467,4,,,0,74,,468,4,,,0,33,,469,4,,,0,74,,470,4,,,0,34,,471,4,,,0,76,,472,4,,,0,74,,473,4,,,0,35,,464,4,,,0,75,,474,4,,,0,34,,475,4,,,0,75,,476,4,,,0,75,,477,4,,,0,40,,478,4,,,0,71,,479,4,,,0,36,,480,4,,,0,81,,481,4,,,0,76,,482,4,,,0,33,,483,4,,,0,79,,484,4,,,0,37,,485,4,,,0,77,,487,4,,,0,76,,486,4,,,0,30,,488,4,,,0,101,,489,4,,,0,102,,490,4,,,0,104,,491,4,,,0
500,'4327',636,,614,4,,,0,103,,615,4,,,0,96,,616,4,,,0,92,,628,4,,,0,96,,617,4,,,0,90,,618,4,,,0,102,,620,4,,,0,96,,621,4,,,0,101,,622,4,,,0,102,,619,4,,,0,100,,623,4,,,0,97,,624,4,,,0,104,,625,4,,,0,95,,626,4,,,0,93,,627,4,,,0
500,'4332',612,,653,4,,,0,95,,652,4,,,0,52,,651,4,,,0,142,,654,4,,,0,52,,629,4,,,0,73,,630,4,,,0,80,,631,4,,,0,37,,632,4,,,0,70,,634,4,,,0,35,,635,4,,,0,75,,636,4,,,0,35,,633,4,,,0,80,,637,4,,,0,77,,638,4,,,0,35,,639,4,,,0,80,,640,4,,,0,75,,641,4,,,0,28,,642,4,,,0,75,,643,4,,,0,34,,644,4,,,0,73,,645,4,,,0,43,,646,4,,,0,75,,647,4,,,0,75,,648,4,,,0,48,,649,4,,,0,99,,650,4,,,0
500,'4480',610,,655,4,,,0,43,,656,4,,,0,77,,657,4,,,0,75,,658,4,,,0,35,,659,4,,,0,75,,660,4,,,0,35,,661,4,,,0,75,,662,4,,,0,75,,663,4,,,0,36,,664,4,,,0,76,,665,4,,,0,37,,666,4,,,0,75,,667,4,,,0,76,,668,4,,,0,36,,669,4,,,0,83,,670,4,,,0,32,,671,4,,,0,76,,672,4,,,0,81,,673,4,,,0,35,,674,4,,,0,72,,675,4,,,0,30,,676,4,,,0,74,,677,4,,,0,33,,678,4,,,0,75,,679,4,,,0,29,,680,4,,,0,99,,681,4,,,0,99,,682,4,,,0
1701,'4480',648,,919,32,,,0,75,,920,32,,,0,95,,921,32,,,0,726,,915,32,,,0,85,,916,32,,,0,85,,917,32,,,0,41,,918,32,,,0,84,,914,32,,,0
2100,'4327',853,,929,23,,,0,100,,930,23,,,0,173,,922,23,,,0,131,,924,23,,,0,170,,923,23,,,0,177,,925,23,,,0,128,,926,23,,,0,169,,927,23,,,0,130,,928,23,,,0
2100,'4332',816,,938,23,,,0,131,,940,23,,,0,180,,939,23,,,0,182,,934,23,,,0,117,,935,23,,,0,104,,936,23,,,0,99,,937,23,,,0,100,,932,23,,,0,174,,933,23,,,0,133,,931,23,,,0
2100,'4480',652,,952,23,,,0,86,,948,23,,,0,84,,949,23,,,0,91,,950,23,,,0,45,,951,23,,,0,78,,953,23,,,0,95,,947,23,,,0,128,,945,23,,,0,169,,946,23,,,0,286,,944,23,,,0,44,,942,23,,,0,144,,943,23,,,0,120,,941,23,,,0
2400,'4480',1444,,989,11,0,5 6 7 8,0
1002100,'4480',1541,,2105,28,,,0,75,,2106,28,,,0
