101,'4327',626,,109,23,,,0,80,,110,23,,,0,45,,111,23,,,0,80,,112,23,,,0,80,,113,23,,,0,37,,114,23,,,0,94,,115,23,,,0,88,,116,23,,,0,86,,117,23,,,0,40,,118,23,,,0,80,,119,23,,,0,79,,120,23,,,0,40,,121,23,,,0,80,,122,23,,,0,80,,123,23,,,0,40,,124,23,,,0,81,,125,23,,,0,80,,126,23,,,0,42,,127,23,,,0,80,,128,23,,,0,81,,129,23,,,0,82,,130,23,,,0
101,'4332',626,,132,23,,,0,75,,131,23,,,0,30,,133,23,,,0,72,,134,23,,,0,29,,135,23,,,0,75,,136,23,,,0,42,,137,23,,,0,74,,138,23,,,0,32,,139,23,,,0,69,,140,23,,,0,30,,141,23,,,0,67,,142,23,,,0,28,,143,23,,,0,70,,144,23,,,0,30,,145,23,,,0,70,,146,23,,,0,30,,147,23,,,0,70,,148,23,,,0,31,,149,23,,,0,70,,150,23,,,0,30,,151,23,,,0,69,,152,23,,,0,27,,153,23,,,0,69,,154,23,,,0,38,,155,23,,,0,79,,156,23,,,0,78,,157,23,,,0,35,,158,23,,,0,75,,159,23,,,0,35,,160,23,,,0,72,,162,23,,,0,75,,161,23,,,0
101,'4480',551,,164,23,,,0,66,,165,23,,,0,31,,166,23,,,0,69,,167,23,,,0,23,,163,23,,,0,14,,168,23,,,0,56,,169,23,,,0,22,,170,23,,,0,21,,171,23,,,0,63,,172,23,,,0,20,,173,23,,,0,21,,174,23,,,0,62,,175,23,,,0,22,,176,23,,,0,62,,177,23,,,0,22,,178,23,,,0,23,,179,23,,,0,62,,180,23,,,0,21,,181,23,,,0,23,,182,23,,,0,65,,183,23,,,0,26,,184,23,,,0,59,,185,23,,,0,24,,186,23,,,0,18,,187,23,,,0,56,,188,23,,,0,16,,189,23,,,0,15,,190,23,,,0,15,,191,23,,,0,54,,192,23,,,0,15,,193,23,,,0,15,,194,23,,,0,15,,195,23,,,0,56,,196,23,,,0,15,,197,23,,,0,13,,198,23,,,0,14,,199,23,,,0,12,,200,23,,,0,61,,201,23,,,0,20,,202,23,,,0,20,,203,23,,,0,59,,211,23,,,0,30,,204,23,,,0,65,,205,23,,,0,23,,206,23,,,0,67,,212,23,,,0,23,,207,23,,,0,30,,208,23,,,0,74,,209,23,,,0,73,,210,23,,,0
201,'4327',619,,316,24,,,0,40,,317,24,,,0,79,,318,24,,,0,80,,319,24,,,0,86,,320,24,,,0,46,,321,24,,,0,79,,322,24,,,0,83,,323,24,,,0,37,,336,24,,,0,80,,324,24,,,0,79,,325,24,,,0,38,,326,24,,,0,80,,327,24,,,0,80,,328,24,,,0,40,,329,24,,,0,80,,330,24,,,0,80,,331,24,,,0,41,,333,24,,,0,79,,332,24,,,0,80,,334,24,,,0,39,,335,24,,,0,85,,338,24,,,0,98,,337,24,,,0
201,'4332',602,,340,24,,,0,31,,341,24,,,0,69,,342,24,,,0,35,,343,24,,,0,75,,344,24,,,0,34,,339,24,,,0,71,,345,24,,,0,34,,346,24,,,0,78,,347,24,,,0,30,,348,24,,,0,70,,349,24,,,0,29,,350,24,,,0,70,,352,24,,,0,28,,353,24,,,0,69,,354,24,,,0,30,,351,24,,,0,70,,355,24,,,0,30,,356,24,,,0,70,,357,24,,,0,30,,358,24,,,0,70,,359,24,,,0,26,,360,24,,,0,70,,361,24,,,0,30,,363,24,,,0,76,,364,24,,,0,76,,365,24,,,0,36,,362,24,,,0,75,,366,24,,,0,37,,368,24,,,0,75,,367,24,,,0,75,,369,24,,,0,36,,370,24,,,0
201,'4480',515,,371,24,,,0,35,,372,24,,,0,80,,373,24,,,0,75,,374,24,,,0,17,,375,24,,,0,15,,376,24,,,0,15,,377,24,,,0,56,,378,24,,,0,18,,379,24,,,0,18,,380,24,,,0,57,,381,24,,,0,20,,382,24,,,0,17,,383,24,,,0,20,,384,24,,,0,61,,385,24,,,0,22,,386,24,,,0,63,,387,24,,,0,26,,388,24,,,0,21,,389,24,,,0,62,,390,24,,,0,22,,391,24,,,0,23,,392,24,,,0,62,,393,24,,,0,23,,394,24,,,0,60,,395,24,,,0,23,,396,24,,,0,16,,397,24,,,0,16,,399,24,,,0,56,,400,24,,,0,14,,401,24,,,0,18,,402,24,,,0,54,,403,24,,,0,14,,405,24,,,0,13,,404,24,,,0,14,,406,24,,,0,15,,407,24,,,0,55,,408,24,,,0,16,,409,24,,,0,22,,410,24,,,0,61,,411,24,,,0,25,,412,24,,,0,24,,420,24,,,0,65,,413,24,,,0,24,,414,24,,,0,64,,415,24,,,0,27,,421,24,,,0,64,,416,24,,,0,29,,417,24,,,0,72,,418,24,,,0,34,,419,24,,,0
1701,'4480',628,,919,5,0,10 12,0,75,,920,5,0,10 12,0,50,,921,5,0,10 12,0,766,,915,5,0,10 12,0,85,,916,5,0,10 12,0,45,,917,5,0,10 12,0,85,,918,5,0,10 12,0,85,,914,5,0,10 12,0
2101,'4327',803,,962,5,,,0,99,,954,5,,,0,133,,955,5,,,0,169,,956,5,,,0,129,,957,5,,,0,177,,958,5,,,0,129,,959,5,,,0,172,,960,5,,,0,130,,961,5,,,0
2101,'4332',726,,971,5,,,0,129,,972,5,,,0,179,,970,5,,,0,124,,966,5,,,0,168,,964,5,,,0,106,,965,5,,,0,100,,967,5,,,0,101,,968,5,,,0,169,,969,5,,,0,131,,963,5,,,0
2101,'4480',601,,984,5,,,0,44,,985,5,,,0,167,,983,5,,,0,91,,982,5,,,0,37,,986,5,,,0,95,,981,5,,,0,124,,974,5,,,0,167,,979,5,,,0,104,,975,5,,,0,74,,976,5,,,0,106,,980,5,,,0,49,,978,5,,,0,149,,973,5,,,0,122,,977,5,,,0
2201,'4480',743,,987,5,0,9 10 7 8,0,686,,988,5,0,9 10 7 8,0
1002101,'4480',720,,2107,5,,,0
