101,'4327',617,,109,11,,,0,40,,110,11,,,0,85,,111,11,,,0,80,,112,11,,,0,79,,113,11,,,0,36,,114,11,,,0,94,,115,11,,,0,88,,116,11,,,0,84,,117,11,,,0,40,,118,11,,,0,80,,119,11,,,0,79,,120,11,,,0,40,,121,11,,,0,80,,122,11,,,0,80,,123,11,,,0,40,,124,11,,,0,81,,125,11,,,0,81,,126,11,,,0,43,,127,11,,,0,80,,128,11,,,0,81,,129,11,,,0,43,,130,11,,,0
101,'4332',616,,132,11,,,0,35,,131,11,,,0,70,,133,11,,,0,32,,134,11,,,0,67,,135,11,,,0,35,,136,11,,,0,82,,137,11,,,0,74,,138,11,,,0,32,,139,11,,,0,68,,140,11,,,0,29,,141,11,,,0,67,,142,11,,,0,28,,143,11,,,0,70,,144,11,,,0,30,,145,11,,,0,70,,146,11,,,0,30,,147,11,,,0,70,,148,11,,,0,31,,149,11,,,0,70,,150,11,,,0,30,,151,11,,,0,69,,152,11,,,0,28,,153,11,,,0,70,,154,11,,,0,38,,155,11,,,0,79,,156,11,,,0,38,,157,11,,,0,76,,158,11,,,0,76,,159,11,,,0,35,,160,11,,,0,72,,162,11,,,0,35,,161,11,,,0
101,'4480',542,,164,11,,,0,65,,165,11,,,0,30,,166,11,,,0,69,,167,11,,,0,22,,163,11,,,0,14,,168,11,,,0,16,,169,11,,,0,62,,170,11,,,0,21,,171,11,,,0,63,,172,11,,,0,20,,173,11,,,0,21,,174,11,,,0,62,,175,11,,,0,22,,176,11,,,0,22,,177,11,,,0,61,,178,11,,,0,22,,179,11,,,0,22,,180,11,,,0,61,,181,11,,,0,23,,182,11,,,0,65,,183,11,,,0,26,,184,11,,,0,19,,185,11,,,0,64,,186,11,,,0,18,,187,11,,,0,16,,188,11,,,0,55,,189,11,,,0,15,,190,11,,,0,15,,191,11,,,0,14,,192,11,,,0,55,,193,11,,,0,15,,194,11,,,0,15,,195,11,,,0,16,,196,11,,,0,56,,197,11,,,0,13,,198,11,,,0,14,,199,11,,,0,12,,200,11,,,0,62,,201,11,,,0,21,,202,11,,,0,20,,203,11,,,0,59,,211,11,,,0,30,,204,11,,,0,65,,205,11,,,0,23,,206,11,,,0,27,,212,11,,,0,65,,207,11,,,0,30,,208,11,,,0,74,,209,11,,,0,34,,210,11,,,0
200,'4327',629,,213,37,,,0,75,,214,37,,,0,41,,215,37,,,0,86,,216,37,,,0,81,,217,37,,,0,43,,218,37,,,0,82,,219,37,,,0,96,,220,37,,,0,90,,221,37,,,0,86,,222,37,,,0,41,,223,37,,,0,80,,224,37,,,0,80,,225,37,,,0,40,,226,37,,,0,80,,227,37,,,0,80,,228,37,,,0,38,,229,37,,,0,80,,230,37,,,0,79,,231,37,,,0,38,,232,37,,,0,79,,233,37,,,0,80,,235,37,,,0,38,,234,37,,,0
200,'4332',630,,236,37,,,0,75,,237,37,,,0,35,,238,37,,,0,72,,239,37,,,0,33,,240,37,,,0,71,,241,37,,,0,37,,242,37,,,0,84,,243,37,,,0,76,,244,37,,,0,33,,245,37,,,0,71,,247,37,,,0,30,,248,37,,,0,68,,249,37,,,0,30,,246,37,,,0,70,,250,37,,,0,30,,251,37,,,0,70,,252,37,,,0,29,,253,37,,,0,70,,254,37,,,0,30,,256,37,,,0,69,,257,37,,,0,29,,255,37,,,0,68,,258,37,,,0,27,,259,37,,,0,68,,260,37,,,0,35,,261,37,,,0,78,,262,37,,,0,35,,263,37,,,0,75,,264,37,,,0,74,,265,37,,,0,33,,266,37,,,0
200,'4480',556,,267,37,,,0,76,,268,37,,,0,68,,269,37,,,0,32,,270,37,,,0,18,,271,37,,,0,55,,272,37,,,0,29,,273,37,,,0,12,,274,37,,,0,55,,275,37,,,0,20,,276,37,,,0,21,,277,37,,,0,62,,278,37,,,0,21,,279,37,,,0,23,,280,37,,,0,62,,281,37,,,0,23,,282,37,,,0,22,,283,37,,,0,62,,284,37,,,0,23,,285,37,,,0,62,,286,37,,,0,21,,287,37,,,0,23,,288,37,,,0,66,,289,37,,,0,29,,290,37,,,0,64,,291,37,,,0,22,,292,37,,,0,16,,293,37,,,0,16,,294,37,,,0,56,,295,37,,,0,14,,296,37,,,0,15,,297,37,,,0,14,,298,37,,,0,55,,299,37,,,0,15,,300,37,,,0,15,,301,37,,,0,14,,302,37,,,0,55,,303,37,,,0,21,,304,37,,,0,14,,305,37,,,0,60,,306,37,,,0,19,,307,37,,,0,20,,308,37,,,0,59,,314,37,,,0,28,,309,37,,,0,23,,310,37,,,0,64,,311,37,,,0,24,,315,37,,,0,63,,312,37,,,0,30,,313,37,,,0
301,'4327',616,,495,17,,,0,101,,496,17,,,0,95,,498,17,,,0,91,,507,17,,,0,55,,493,17,,,0,90,,499,17,,,0,101,,500,17,,,0,95,,497,17,,,0,101,,501,17,,,0,101,,502,17,,,0,100,,503,17,,,0,99,,504,17,,,0,104,,505,17,,,0,96,,506,17,,,0,93,,492,17,,,0,100,,494,17,0,18 19 21,0
301,'4332',551,,533,17,,,0,95,,532,17,,,0,91,,531,17,,,0,100,,534,17,,,0,91,,508,17,,,0,31,,509,17,,,0,80,,510,17,,,0,76,,511,17,,,0,30,,512,17,,,0,75,,513,17,,,0,35,,514,17,,,0,75,,515,17,,,0,80,,516,17,,,0,36,,517,17,,,0,75,,518,17,,,0,80,,519,17,,,0,35,,520,17,,,0,69,,521,17,,,0,35,,522,17,,,0,75,,523,17,,,0,34,,524,17,,,0,84,,525,17,,,0,75,,526,17,,,0,35,,527,17,,,0,89,,528,17,,,0,100,,529,17,,,0,99,,530,17,0,18 19 21,0
301,'4480',552,,536,17,,,0,80,,537,17,,,0,75,,538,17,,,0,32,,539,17,,,0,75,,540,17,,,0,35,,541,17,,,0,75,,542,17,,,0,35,,543,17,,,0,75,,535,17,,,0,75,,544,17,,,0,36,,545,17,,,0,75,,546,17,,,0,35,,547,17,,,0,76,,548,17,,,0,75,,549,17,,,0,40,,550,17,,,0,75,,551,17,,,0,36,,552,17,,,0,80,,553,17,,,0,76,,554,17,,,0,33,,555,17,,,0,73,,556,17,,,0,35,,557,17,,,0,73,,558,17,,,0,75,,559,17,,,0,30,,560,17,,,0,100,,561,17,,,0,100,,562,17,,,0,98,,563,17,0,18 19 21,0
900,'4332',1653,,855,9,0,13 2 14 15,0
