5201,'4327',846,,1590,14,,,0,100,,1588,14,,,0,99,,1581,14,,,0,100,,1580,14,,,0,100,,1583,14,,,0,100,,1584,14,,,0,100,,1582,14,,,0,100,,1585,14,,,0,100,,1586,14,,,0,101,,1587,14,,,0,110,,1589,14,,,0,99,,1591,14,,,0,90,,1592,14,,,0
5201,'4332',746,,1607,14,,,0,99,,1600,14,,,0,100,,1606,14,,,0,100,,1599,14,,,0,99,,1603,14,,,0,100,,1597,14,,,0,100,,1604,14,,,0,100,,1596,14,,,0,100,,1605,14,,,0,100,,1595,14,,,0,100,,1602,14,,,0,101,,1594,14,,,0,100,,1601,14,,,0,110,,1598,14,,,0,170,,1593,14,,,0,134,,1608,14,,,0
5201,'4480',702,,1615,14,,,0,57,,1616,14,,,0,155,,1617,14,,,0,105,,1618,14,,,0,110,,1619,14,,,0,99,,1620,14,,,0,105,,1621,14,,,0,100,,1622,14,,,0,109,,1623,14,,,0,101,,1624,14,,,0,106,,1610,14,,,0,95,,1611,14,,,0,109,,1612,14,,,0,102,,1613,14,,,0,170,,1614,14,,,0,133,,1609,14,,,0
5401,'4327',846,,1683,44,,,0,98,,1684,73,,,0,103,,1682,73,,,0,103,,1675,73,,,0,101,,1676,73,,,0,100,,1677,73,,,0,100,,1678,73,,,0,97,,1680,73,,,0,99,,1674,73,,,0,100,,1679,73,,,0,99,,1681,73,,,0,109,,1685,73,,,0,100,,1686,73,,,0
5401,'4332',747,,1703,44,,,0,99,,1702,73,,,0,103,,1694,73,,,0,101,,1700,73,,,0,102,,1693,73,,,0,100,,1699,73,,,0,100,,1691,73,,,0,100,,1698,73,,,0,100,,1690,73,,,0,99,,1697,73,,,0,98,,1689,73,,,0,100,,1696,73,,,0,99,,1688,73,,,0,99,,1695,73,,,0,110,,1687,73,,,0,172,,1692,73,,,0
5401,'4480',559,,1704,44,,,0,100,,1706,73,,,0,161,,1707,73,,,0,87,,1708,73,,,0,112,,1709,73,,,0,106,,1710,73,,,0,111,,1711,73,,,0,101,,1705,73,,,0,113,,1712,73,,,0,106,,1713,73,,,0,99,,1714,73,,,0,97,,1715,73,,,0,103,,1716,73,,,0,94,,1717,73,,,0,108,,1718,73,,,0,99,,1719,73,,,0,169,,1720,73,,,0
5801,'4327',815,,1820,27,,,0,120,,1816,27,,,0,100,,1810,27,,,0,100,,1818,27,,,0,100,,1811,27,,,0,100,,1812,27,,,0,100,,1813,27,,,0,100,,1819,27,,,0,100,,1814,27,,,0,100,,1815,27,,,0,100,,1817,27,,,0,95,,1821,27,,,0,100,,1822,27,,,0
5801,'4332',815,,1835,27,,,0,120,,1831,27,,,0,100,,1830,27,,,0,100,,1834,27,,,0,100,,1826,27,,,0,100,,1825,27,,,0,100,,1829,27,,,0,100,,1833,27,,,0,100,,1832,27,,,0,100,,1828,27,,,0,100,,1824,27,,,0,170,,1823,27,,,0,130,,1827,27,,,0,100,,1836,27,,,0
5801,'4480',556,,1851,16,,,0,95,,1847,27,,,0,176,,1848,27,,,0,121,,1849,27,,,0,100,,1850,27,,,0,101,,1840,27,,,0,100,,1841,27,,,0,100,,1842,27,,,0,105,,1843,27,,,0,101,,1844,27,,,0,96,,1845,27,,,0,97,,1846,27,,,0,98,,1838,27,,,0,160,,1839,27,,,0,130,,1837,27,,,0
5900,'4480',1624,,1852,11,,,0,95,,1853,11,,,0
5901,'4480',652,,1855,18,,,0,100,,1854,18,,,0
