201,'4327',611,,316,13,,,0,40,,317,13,,,0,79,,318,13,,,0,80,,319,13,,,0,46,,320,13,,,0,86,,321,13,,,0,79,,322,13,,,0,81,,323,13,,,0,37,,336,13,,,0,80,,324,13,,,0,39,,325,13,,,0,78,,326,13,,,0,80,,327,13,,,0,40,,328,13,,,0,80,,329,13,,,0,80,,330,13,,,0,40,,331,13,,,0,81,,333,13,,,0,79,,332,13,,,0,40,,334,13,,,0,80,,335,13,,,0,85,,338,13,,,0,99,,337,13,,,0
201,'4332',555,,340,13,,,0,71,,341,13,,,0,28,,342,13,,,0,75,,343,13,,,0,75,,344,13,,,0,34,,339,13,,,0,71,,345,13,,,0,34,,346,13,,,0,77,,347,13,,,0,30,,348,13,,,0,70,,349,13,,,0,29,,350,13,,,0,69,,352,13,,,0,28,,353,13,,,0,69,,354,13,,,0,29,,351,13,,,0,70,,355,13,,,0,30,,356,13,,,0,70,,357,13,,,0,31,,358,13,,,0,70,,359,13,,,0,26,,360,13,,,0,70,,361,13,,,0,30,,363,13,,,0,76,,364,13,,,0,36,,365,13,,,0,77,,362,13,,,0,76,,366,13,,,0,37,,368,13,,,0,75,,367,13,,,0,35,,369,13,,,0,76,,370,13,,,0
201,'4480',507,,371,13,,,0,35,,372,13,,,0,80,,373,13,,,0,34,,374,13,,,0,57,,375,13,,,0,15,,376,13,,,0,14,,377,13,,,0,16,,378,13,,,0,59,,379,13,,,0,18,,380,13,,,0,17,,381,13,,,0,60,,382,13,,,0,17,,383,13,,,0,20,,384,13,,,0,61,,385,13,,,0,21,,386,13,,,0,23,,387,13,,,0,65,,388,13,,,0,21,,389,13,,,0,62,,390,13,,,0,22,,391,13,,,0,23,,392,13,,,0,62,,393,13,,,0,23,,394,13,,,0,20,,395,13,,,0,63,,396,13,,,0,11,,397,13,,,0,5,,422,1,0,20 19 21,0,14,,398,13,0,20 19 21,0,2,,399,13,,,0,56,,400,13,,,0,14,,401,13,,,0,18,,402,13,,,0,14,,403,13,,,0,54,,405,13,,,0,13,,404,13,,,0,14,,406,13,,,0,15,,407,13,,,0,56,,408,13,,,0,16,,409,13,,,0,22,,410,13,,,0,61,,411,13,,,0,25,,412,13,,,0,24,,420,13,,,0,65,,413,13,,,0,25,,414,13,,,0,64,,415,13,,,0,27,,421,13,,,0,24,,416,13,,,0,69,,417,13,,,0,33,,418,13,,,0,74,,419,13,,,0
401,'4327',626,,577,47,4,,0
401,'4332',2257,,592,47,4,,0
401,'4480',626,,613,47,4,,0,110,,610,47,4,,0,17,,604,47,4,,0,751,,599,47,4,,0,752,,595,47,4,,0
900,'4327',712,,832,53,4,,0,100,,833,53,4,,0,101,,834,53,4,,0,101,,831,53,4,,0,106,,835,53,4,,0,95,,836,53,4,,0,105,,837,53,4,,0,100,,838,53,4,,0,100,,839,53,4,,0,99,,840,53,4,,0,100,,841,53,4,,0,100,,842,53,4,,0,100,,843,53,4,,0,95,,844,53,4,,0
900,'4332',712,,845,53,,,0,100,,846,53,,,0,101,,847,53,,,0,101,,848,53,,,0,105,,849,53,,,0,96,,850,53,,,0,106,,851,53,,,0,100,,852,53,,,0,100,,853,53,4,,0,100,,854,53,,,0,104,,855,62,,,0,94,,856,53,4,,0,100,,857,53,,,0,95,,858,53,,,0,99,,859,53,,,0
900,'4480',611,,877,53,4,,0,110,,866,53,4,,0,97,,867,53,4,,0,104,,868,53,4,,0,100,,869,53,4,,0,101,,870,53,4,,0,100,,871,53,4,,0,101,,872,53,4,,0,100,,873,53,4,,0,101,,874,53,4,,0,100,,875,53,4,,0,100,,876,53,4,,0,99,,862,53,4,,0,98,,863,53,4,,0,99,,864,53,4,,0,99,,865,53,4,,0
2600,'4480',1524,,991,55,0,20 19 7 8,0
2601,'4480',807,,992,66,0,20 19 7 8,0
