100,'4327',619,,1,21,,,0,81,,2,21,,,0,40,,3,21,,,0,81,,4,21,,,0,80,,5,21,,,0,50,,6,21,,,0,87,,7,21,,,0,80,,8,21,,,0,85,,9,21,,,0,38,,22,21,,,0,80,,10,21,,,0,80,,11,21,,,0,41,,12,21,,,0,80,,13,21,,,0,80,,14,21,,,0,40,,15,21,,,0,79,,16,21,,,0,79,,17,21,,,0,40,,18,21,,,0,77,,19,21,,,0,39,,20,21,,,0,76,,21,21,,,0,85,,23,21,,,0,94,,24,21,,,0
100,'4332',614,,25,21,,,0,32,,26,21,,,0,70,,27,21,,,0,30,,28,21,,,0,75,,29,21,,,0,35,,30,21,,,0,77,,31,21,,,0,72,,33,21,,,0,38,,34,21,,,0,77,,32,21,,,0,31,,35,21,,,0,70,,36,21,,,0,30,,37,21,,,0,71,,38,21,,,0,30,,39,21,,,0,70,,40,21,,,0,30,,41,21,,,0,70,,42,21,,,0,30,,43,21,,,0,70,,44,21,,,0,30,,45,21,,,0,69,,46,21,,,0,24,,47,21,,,0,69,,48,21,,,0,29,,49,21,,,0,75,,50,21,,,0,34,,51,21,,,0,74,,52,21,,,0,75,,53,21,,,0,35,,54,21,,,0,75,,55,21,,,0,34,,56,21,,,0
100,'4480',529,,58,21,,,0,30,,59,21,,,0,73,,57,21,,,0,20,,61,21,,,0,62,,62,21,,,0,21,,60,21,,,0,15,,63,21,,,0,60,,64,21,,,0,17,,65,21,,,0,15,,66,21,,,0,15,,67,21,,,0,57,,69,21,,,0,18,,68,21,,,0,15,,70,21,,,0,60,,71,21,,,0,19,,72,21,,,0,21,,73,21,,,0,62,,74,21,,,0,22,,75,21,,,0,24,,76,21,,,0,67,,78,21,,,0,22,,77,21,,,0,62,,79,21,,,0,24,,80,21,,,0,23,,82,21,,,0,62,,81,21,,,0,23,,83,21,,,0,63,,84,21,,,0,24,,85,21,,,0,16,,86,21,,,0,14,,87,21,,,0,56,,88,21,,,0,14,,89,21,,,0,17,,90,21,,,0,14,,91,21,,,0,55,,92,21,,,0,14,,93,21,,,0,12,,94,21,,,0,14,,95,21,,,0,53,,96,21,,,0,17,,97,21,,,0,19,,98,21,,,0,60,,99,21,,,0,23,,100,21,,,0,23,,107,21,,,0,64,,101,21,,,0,24,,102,21,,,0,24,,103,21,,,0,65,,108,21,,,0,24,,104,21,,,0,68,,105,21,,,0,30,,106,21,,,0
200,'4327',622,,213,26,,,0,35,,214,26,,,0,81,,215,26,,,0,86,,216,26,,,0,81,,217,26,,,0,42,,218,26,,,0,82,,219,26,,,0,96,,220,26,,,0,89,,221,26,,,0,86,,222,26,,,0,41,,223,26,,,0,80,,224,26,,,0,80,,225,26,,,0,40,,226,26,,,0,80,,227,26,,,0,80,,228,26,,,0,38,,229,26,,,0,80,,230,26,,,0,39,,231,26,,,0,79,,232,26,,,0,80,,233,26,,,0,40,,235,26,,,0,78,,234,26,,,0
200,'4332',623,,236,26,,,0,35,,237,26,,,0,75,,238,26,,,0,72,,239,26,,,0,33,,240,26,,,0,71,,241,26,,,0,36,,242,26,,,0,84,,243,26,,,0,76,,244,26,,,0,33,,245,26,,,0,70,,247,26,,,0,30,,248,26,,,0,68,,249,26,,,0,30,,246,26,,,0,70,,250,26,,,0,30,,251,26,,,0,70,,252,26,,,0,29,,253,26,,,0,70,,254,26,,,0,30,,256,26,,,0,69,,257,26,,,0,29,,255,26,,,0,68,,258,26,,,0,27,,259,26,,,0,29,,260,26,,,0,76,,261,26,,,0,78,,262,26,,,0,35,,263,26,,,0,75,,264,26,,,0,34,,265,26,,,0,73,,266,26,,,0
200,'4480',549,,267,26,,,0,76,,268,26,,,0,27,,269,26,,,0,72,,270,26,,,0,17,,271,26,,,0,15,,272,26,,,0,69,,273,26,,,0,12,,274,26,,,0,15,,275,26,,,0,60,,276,26,,,0,21,,277,26,,,0,22,,278,26,,,0,61,,279,26,,,0,23,,280,26,,,0,62,,281,26,,,0,23,,282,26,,,0,22,,283,26,,,0,62,,284,26,,,0,23,,285,26,,,0,22,,286,26,,,0,61,,287,26,,,0,23,,288,26,,,0,66,,289,26,,,0,28,,290,26,,,0,25,,291,26,,,0,62,,292,26,,,0,16,,293,26,,,0,16,,294,26,,,0,56,,295,26,,,0,14,,296,26,,,0,15,,297,26,,,0,14,,298,26,,,0,55,,299,26,,,0,15,,300,26,,,0,15,,301,26,,,0,14,,302,26,,,0,55,,303,26,,,0,21,,304,26,,,0,14,,305,26,,,0,20,,306,26,,,0,59,,307,26,,,0,20,,308,26,,,0,19,,314,26,,,0,69,,309,26,,,0,24,,310,26,,,0,64,,311,26,,,0,24,,315,26,,,0,63,,312,26,,,0,30,,313,26,,,0
1701,'4480',651,,919,38,,,0,76,,920,38,,,0,96,,921,38,,,0,728,,915,38,,,0,85,,916,38,,,0,84,,917,38,,,0,81,,918,38,,,0,42,,914,38,,,0
2100,'4327',858,,929,29,,,0,100,,930,29,,,0,173,,922,29,,,0,171,,924,29,,,0,131,,923,29,,,0,176,,925,29,,,0,128,,926,29,,,0,168,,927,29,,,0,130,,928,29,,,0
2100,'4332',820,,938,29,,,0,132,,940,29,,,0,181,,939,29,,,0,182,,934,29,,,0,117,,935,29,,,0,104,,936,29,,,0,99,,937,29,,,0,99,,932,29,,,0,173,,933,29,,,0,133,,931,29,,,0
2100,'4480',655,,952,29,,,0,88,,948,29,,,0,84,,949,29,,,0,92,,950,29,,,0,85,,951,29,,,0,38,,953,29,,,0,95,,947,29,,,0,169,,945,29,,,0,129,,946,29,,,0,285,,944,29,,,0,84,,942,29,,,0,102,,943,29,,,0,120,,941,29,,,0
2201,'4480',814,,987,30,0,9 10 7 8,0,694,,988,30,0,9 10 7 8,0
1002100,'4480',1548,,2105,34,,,0,75,,2106,34,,,0
