5201,'4327',847,,1590,16,,,0,100,,1588,16,,,0,100,,1581,16,,,0,100,,1580,16,,,0,100,,1583,16,,,0,100,,1584,16,,,0,100,,1582,16,,,0,100,,1585,16,,,0,100,,1586,16,,,0,100,,1587,16,,,0,110,,1589,16,,,0,99,,1591,16,,,0,90,,1592,16,,,0
5201,'4332',747,,1607,16,,,0,100,,1600,16,,,0,100,,1606,16,,,0,99,,1599,16,,,0,99,,1603,16,,,0,100,,1597,16,,,0,100,,1604,16,,,0,100,,1596,16,,,0,101,,1605,16,,,0,100,,1595,16,,,0,100,,1602,16,,,0,101,,1594,16,,,0,100,,1601,16,,,0,110,,1598,16,,,0,169,,1593,16,,,0,174,,1608,16,,,0
5201,'4480',704,,1615,16,,,0,97,,1616,16,,,0,115,,1617,16,,,0,105,,1618,16,,,0,109,,1619,16,,,0,99,,1620,16,,,0,105,,1621,16,,,0,100,,1622,16,,,0,110,,1623,16,,,0,100,,1624,16,,,0,107,,1610,16,,,0,95,,1611,16,,,0,109,,1612,16,,,0,102,,1613,16,,,0,169,,1614,16,,,0,133,,1609,16,,,0
5401,'4327',848,,1683,46,,,0,98,,1684,75,,,0,103,,1682,75,,,0,103,,1675,75,,,0,101,,1676,75,,,0,100,,1677,75,,,0,100,,1678,75,,,0,97,,1680,75,,,0,99,,1674,75,,,0,100,,1679,75,,,0,99,,1681,75,,,0,108,,1685,75,,,0,100,,1686,75,,,0
5401,'4332',749,,1703,46,,,0,99,,1702,75,,,0,103,,1694,75,,,0,101,,1700,75,,,0,102,,1693,75,,,0,100,,1699,75,,,0,100,,1691,75,,,0,100,,1698,75,,,0,100,,1690,75,,,0,99,,1697,75,,,0,98,,1689,75,,,0,100,,1696,75,,,0,99,,1688,75,,,0,99,,1695,75,,,0,109,,1687,75,,,0,172,,1692,75,,,0
5401,'4480',601,,1704,46,,,0,100,,1706,75,,,0,121,,1707,75,,,0,87,,1708,75,,,0,112,,1709,75,,,0,106,,1710,75,,,0,111,,1711,75,,,0,101,,1705,75,,,0,112,,1712,75,,,0,107,,1713,75,,,0,99,,1714,75,,,0,97,,1715,75,,,0,103,,1716,75,,,0,94,,1717,75,,,0,108,,1718,75,,,0,98,,1719,75,,,0,169,,1720,75,,,0
5801,'4327',816,,1820,29,,,0,120,,1816,29,,,0,100,,1810,29,,,0,100,,1818,29,,,0,100,,1811,29,,,0,100,,1812,29,,,0,100,,1813,29,,,0,100,,1819,29,,,0,100,,1814,29,,,0,100,,1815,29,,,0,100,,1817,29,,,0,95,,1821,29,,,0,100,,1822,29,,,0
5801,'4332',816,,1835,29,,,0,120,,1831,29,,,0,100,,1830,29,,,0,100,,1834,29,,,0,100,,1826,29,,,0,100,,1825,29,,,0,100,,1829,29,,,0,100,,1833,29,,,0,100,,1832,29,,,0,100,,1828,29,,,0,100,,1824,29,,,0,170,,1823,29,,,0,130,,1827,29,,,0,100,,1836,29,,,0
5801,'4480',557,,1851,18,,,0,95,,1847,29,,,0,176,,1848,29,,,0,121,,1849,29,,,0,100,,1850,29,,,0,102,,1840,29,,,0,100,,1841,29,,,0,100,,1842,29,,,0,105,,1843,29,,,0,100,,1844,29,,,0,96,,1845,29,,,0,97,,1846,29,,,0,98,,1838,29,,,0,160,,1839,29,,,0,130,,1837,29,,,0
5900,'4480',1626,,1852,13,,,0,95,,1853,13,,,0
5901,'4480',653,,1855,20,,,0,100,,1854,20,,,0
