5201,'4327',846,,1590,15,,,0,100,,1588,15,,,0,100,,1581,15,,,0,100,,1580,15,,,0,100,,1583,15,,,0,100,,1584,15,,,0,100,,1582,15,,,0,100,,1585,15,,,0,100,,1586,15,,,0,100,,1587,15,,,0,110,,1589,15,,,0,99,,1591,15,,,0,90,,1592,15,,,0
5201,'4332',746,,1607,15,,,0,100,,1600,15,,,0,100,,1606,15,,,0,99,,1599,15,,,0,99,,1603,15,,,0,100,,1597,15,,,0,100,,1604,15,,,0,100,,1596,15,,,0,101,,1605,15,,,0,100,,1595,15,,,0,100,,1602,15,,,0,101,,1594,15,,,0,100,,1601,15,,,0,110,,1598,15,,,0,169,,1593,15,,,0,134,,1608,15,,,0
5201,'4480',703,,1615,15,,,0,97,,1616,15,,,0,115,,1617,15,,,0,105,,1618,15,,,0,109,,1619,15,,,0,99,,1620,15,,,0,105,,1621,15,,,0,100,,1622,15,,,0,110,,1623,15,,,0,100,,1624,15,,,0,107,,1610,15,,,0,95,,1611,15,,,0,109,,1612,15,,,0,102,,1613,15,,,0,169,,1614,15,,,0,133,,1609,15,,,0
5401,'4327',847,,1683,45,,,0,98,,1684,74,,,0,103,,1682,74,,,0,103,,1675,74,,,0,101,,1676,74,,,0,100,,1677,74,,,0,100,,1678,74,,,0,97,,1680,74,,,0,99,,1674,74,,,0,100,,1679,74,,,0,99,,1681,74,,,0,108,,1685,74,,,0,100,,1686,74,,,0
5401,'4332',748,,1703,45,,,0,99,,1702,74,,,0,103,,1694,74,,,0,101,,1700,74,,,0,102,,1693,74,,,0,100,,1699,74,,,0,100,,1691,74,,,0,100,,1698,74,,,0,100,,1690,74,,,0,99,,1697,74,,,0,98,,1689,74,,,0,100,,1696,74,,,0,99,,1688,74,,,0,99,,1695,74,,,0,109,,1687,74,,,0,172,,1692,74,,,0
5401,'4480',600,,1704,45,,,0,100,,1706,74,,,0,121,,1707,74,,,0,87,,1708,74,,,0,112,,1709,74,,,0,106,,1710,74,,,0,111,,1711,74,,,0,101,,1705,74,,,0,112,,1712,74,,,0,107,,1713,74,,,0,99,,1714,74,,,0,97,,1715,74,,,0,103,,1716,74,,,0,94,,1717,74,,,0,108,,1718,74,,,0,98,,1719,74,,,0,169,,1720,74,,,0
5801,'4327',816,,1820,28,,,0,120,,1816,28,,,0,100,,1810,28,,,0,100,,1818,28,,,0,100,,1811,28,,,0,99,,1812,28,,,0,100,,1813,28,,,0,100,,1819,28,,,0,100,,1814,28,,,0,101,,1815,28,,,0,100,,1817,28,,,0,95,,1821,28,,,0,100,,1822,28,,,0
5801,'4332',816,,1835,28,,,0,119,,1831,28,,,0,100,,1830,28,,,0,100,,1834,28,,,0,100,,1826,28,,,0,100,,1825,28,,,0,100,,1829,28,,,0,100,,1833,28,,,0,100,,1832,28,,,0,100,,1828,28,,,0,101,,1824,28,,,0,170,,1823,28,,,0,130,,1827,28,,,0,100,,1836,28,,,0
5801,'4480',557,,1851,17,,,0,95,,1847,28,,,0,175,,1848,28,,,0,121,,1849,28,,,0,100,,1850,28,,,0,102,,1840,28,,,0,100,,1841,28,,,0,100,,1842,28,,,0,105,,1843,28,,,0,100,,1844,28,,,0,96,,1845,28,,,0,97,,1846,28,,,0,99,,1838,28,,,0,160,,1839,28,,,0,130,,1837,28,,,0
5900,'4480',1625,,1852,12,,,0,95,,1853,12,,,0
5901,'4480',652,,1855,19,,,0,100,,1854,19,,,0
