201,'4327',616,,316,20,,,0,40,,317,20,,,0,79,,318,20,,,0,80,,319,20,,,0,86,,320,20,,,0,46,,321,20,,,0,79,,322,20,,,0,82,,323,20,,,0,37,,336,20,,,0,80,,324,20,,,0,79,,325,20,,,0,38,,326,20,,,0,80,,327,20,,,0,80,,328,20,,,0,40,,329,20,,,0,80,,330,20,,,0,80,,331,20,,,0,41,,333,20,,,0,79,,332,20,,,0,80,,334,20,,,0,39,,335,20,,,0,85,,338,20,,,0,99,,337,20,,,0
201,'4332',600,,340,20,,,0,31,,341,20,,,0,28,,342,20,,,0,75,,343,20,,,0,75,,344,20,,,0,34,,339,20,,,0,71,,345,20,,,0,34,,346,20,,,0,77,,347,20,,,0,30,,348,20,,,0,70,,349,20,,,0,29,,350,20,,,0,70,,352,20,,,0,28,,353,20,,,0,69,,354,20,,,0,29,,351,20,,,0,70,,355,20,,,0,30,,356,20,,,0,70,,357,20,,,0,31,,358,20,,,0,70,,359,20,,,0,26,,360,20,,,0,70,,361,20,,,0,30,,363,20,,,0,76,,364,20,,,0,36,,365,20,,,0,76,,362,20,,,0,76,,366,20,,,0,37,,368,20,,,0,75,,367,20,,,0,35,,369,20,,,0,76,,370,20,,,0
201,'4480',512,,371,20,,,0,35,,372,20,,,0,80,,373,20,,,0,75,,374,20,,,0,17,,375,20,,,0,15,,376,20,,,0,15,,377,20,,,0,56,,378,20,,,0,18,,379,20,,,0,18,,380,20,,,0,17,,381,20,,,0,60,,382,20,,,0,17,,383,20,,,0,20,,384,20,,,0,61,,385,20,,,0,21,,386,20,,,0,63,,387,20,,,0,26,,388,20,,,0,21,,389,20,,,0,62,,390,20,,,0,22,,391,20,,,0,23,,392,20,,,0,62,,393,20,,,0,23,,394,20,,,0,20,,395,20,,,0,63,,396,20,,,0,15,,397,20,,,0,5,,422,8,4,,0,10,,398,20,4,,0,2,,399,20,,,0,56,,400,20,,,0,14,,401,20,,,0,18,,402,20,,,0,14,,403,20,,,0,54,,405,20,,,0,13,,404,20,,,0,14,,406,20,,,0,15,,407,20,,,0,55,,408,20,,,0,16,,409,20,,,0,22,,410,20,,,0,61,,411,20,,,0,25,,412,20,,,0,24,,420,20,,,0,65,,413,20,,,0,25,,414,20,,,0,64,,415,20,,,0,27,,421,20,,,0,64,,416,20,,,0,29,,417,20,,,0,72,,418,20,,,0,34,,419,20,,,0
301,'4327',626,,495,28,,,0,101,,496,28,,,0,96,,498,28,,,0,91,,507,28,,,0,96,,493,28,,,0,90,,499,28,,,0,101,,500,28,,,0,56,,497,28,,,0,101,,501,28,,,0,101,,502,28,,,0,100,,503,28,,,0,98,,504,28,,,0,144,,505,28,,,0,56,,506,28,,,0,93,,492,28,,,0
301,'4332',601,,533,28,,,0,55,,532,28,,,0,92,,531,28,,,0,100,,534,28,,,0,92,,508,28,,,0,71,,509,28,,,0,40,,510,28,,,0,77,,511,28,,,0,30,,512,28,,,0,75,,513,28,,,0,75,,514,28,,,0,35,,515,28,,,0,80,,516,28,,,0,36,,517,28,,,0,75,,518,28,,,0,80,,519,28,,,0,35,,520,28,,,0,69,,521,28,,,0,35,,522,28,,,0,74,,523,28,,,0,74,,524,28,,,0,44,,525,28,,,0,75,,526,28,,,0,35,,527,28,,,0,88,,528,28,,,0,100,,529,28,,,0
301,'4480',559,,536,28,,,0,83,,537,28,,,0,76,,538,28,,,0,33,,539,28,,,0,75,,540,28,,,0,75,,541,28,,,0,35,,542,28,,,0,75,,543,28,,,0,35,,535,28,,,0,76,,544,28,,,0,36,,545,28,,,0,75,,546,28,,,0,75,,547,28,,,0,36,,548,28,,,0,75,,549,28,,,0,82,,550,28,,,0,34,,551,28,,,0,76,,552,28,,,0,41,,553,28,,,0,75,,554,28,,,0,32,,555,28,,,0,72,,556,28,,,0,75,,557,28,,,0,33,,558,28,,,0,75,,559,28,,,0,29,,560,28,,,0,100,,561,28,,,0,99,,562,28,,,0
601,'4327',545,,750,1,,,0,110,,751,1,,,0,145,,752,1,,,0,105,,753,1,,,0,45,,755,1,,,0,100,,756,1,,,0,90,,757,1,,,0,100,,754,1,,,0,100,,758,1,,,0,100,,759,1,,,0,100,,760,1,,,0,100,,761,1,,,0,105,,762,1,,,0,160,,763,1,,,0,110,,764,1,,,0
601,'4332',550,,767,1,,,0,100,,768,1,,,0,100,,766,1,,,0,95,,769,1,,,0,100,,770,1,,,0,100,,771,1,,,0,95,,772,1,,,0,100,,773,1,,,0,100,,774,1,,,0,100,,775,1,,,0,100,,776,1,,,0,100,,777,1,,,0,105,,778,1,,,0,105,,779,1,,,0,95,,780,1,,,0,110,,781,1,,,0,155,,782,1,,,0,110,,765,1,,,0
601,'4480',544,,793,1,,,0,78,,794,1,,,0,37,,796,1,,,0,76,,797,1,,,0,80,,798,1,,,0,85,,795,1,,,0,35,,799,1,,,0,115,,800,1,,,0,160,,801,1,,,0,125,,802,1,,,0,83,,803,1,,,0,87,,785,1,,,0,48,,786,1,,,0,82,,787,1,,,0,80,,789,1,,,0,85,,790,1,,,0,43,,791,1,,,0,102,,788,1,,,0,110,,792,1,,,0,155,,783,1,,,0,110,,784,1,,,0
2400,'4480',1430,,989,1,0,5 6 7 8,0
2401,'4480',735,,990,1,0,5 6 7 8,0
