101,'4327',622,,109,18,,,0,80,,110,18,,,0,45,,111,18,,,0,80,,112,18,,,0,79,,113,18,,,0,37,,114,18,,,0,94,,115,18,,,0,88,,116,18,,,0,85,,117,18,,,0,40,,118,18,,,0,80,,119,18,,,0,79,,120,18,,,0,40,,121,18,,,0,80,,122,18,,,0,80,,123,18,,,0,40,,124,18,,,0,81,,125,18,,,0,81,,126,18,,,0,42,,127,18,,,0,80,,128,18,,,0,81,,129,18,,,0,43,,130,18,,,0
101,'4332',622,,132,18,,,0,35,,131,18,,,0,70,,133,18,,,0,32,,134,18,,,0,68,,135,18,,,0,75,,136,18,,,0,42,,137,18,,,0,74,,138,18,,,0,32,,139,18,,,0,69,,140,18,,,0,29,,141,18,,,0,67,,142,18,,,0,28,,143,18,,,0,70,,144,18,,,0,30,,145,18,,,0,70,,146,18,,,0,30,,147,18,,,0,70,,148,18,,,0,31,,149,18,,,0,70,,150,18,,,0,30,,151,18,,,0,69,,152,18,,,0,28,,153,18,,,0,69,,154,18,,,0,38,,155,18,,,0,79,,156,18,,,0,78,,157,18,,,0,35,,158,18,,,0,76,,159,18,,,0,35,,160,18,,,0,72,,162,18,,,0,35,,161,18,,,0
101,'4480',547,,164,18,,,0,66,,165,18,,,0,30,,166,18,,,0,69,,167,18,,,0,23,,163,18,,,0,14,,168,18,,,0,56,,169,18,,,0,22,,170,18,,,0,21,,171,18,,,0,63,,172,18,,,0,20,,173,18,,,0,21,,174,18,,,0,62,,175,18,,,0,22,,176,18,,,0,22,,177,18,,,0,62,,178,18,,,0,22,,179,18,,,0,62,,180,18,,,0,21,,181,18,,,0,23,,182,18,,,0,65,,183,18,,,0,26,,184,18,,,0,19,,185,18,,,0,64,,186,18,,,0,18,,187,18,,,0,16,,188,18,,,0,56,,189,18,,,0,15,,190,18,,,0,15,,191,18,,,0,14,,192,18,,,0,55,,193,18,,,0,15,,194,18,,,0,15,,195,18,,,0,16,,196,18,,,0,55,,197,18,,,0,13,,198,18,,,0,14,,199,18,,,0,12,,200,18,,,0,62,,201,18,,,0,20,,202,18,,,0,20,,203,18,,,0,59,,211,18,,,0,30,,204,18,,,0,65,,205,18,,,0,23,,206,18,,,0,27,,212,18,,,0,64,,207,18,,,0,30,,208,18,,,0,74,,209,18,,,0,33,,210,18,,,0
201,'4327',615,,316,19,,,0,40,,317,19,,,0,79,,318,19,,,0,80,,319,19,,,0,86,,320,19,,,0,46,,321,19,,,0,79,,322,19,,,0,82,,323,19,,,0,37,,336,19,,,0,80,,324,19,,,0,79,,325,19,,,0,38,,326,19,,,0,80,,327,19,,,0,80,,328,19,,,0,40,,329,19,,,0,80,,330,19,,,0,80,,331,19,,,0,41,,333,19,,,0,79,,332,19,,,0,80,,334,19,,,0,39,,335,19,,,0,85,,338,19,,,0,99,,337,19,,,0
201,'4332',559,,340,19,,,0,71,,341,19,,,0,28,,342,19,,,0,75,,343,19,,,0,75,,344,19,,,0,34,,339,19,,,0,71,,345,19,,,0,34,,346,19,,,0,77,,347,19,,,0,30,,348,19,,,0,70,,349,19,,,0,29,,350,19,,,0,70,,352,19,,,0,28,,353,19,,,0,69,,354,19,,,0,29,,351,19,,,0,70,,355,19,,,0,30,,356,19,,,0,70,,357,19,,,0,31,,358,19,,,0,70,,359,19,,,0,26,,360,19,,,0,70,,361,19,,,0,30,,363,19,,,0,76,,364,19,,,0,36,,365,19,,,0,76,,362,19,,,0,76,,366,19,,,0,37,,368,19,,,0,75,,367,19,,,0,35,,369,19,,,0,76,,370,19,,,0
201,'4480',511,,371,19,,,0,35,,372,19,,,0,80,,373,19,,,0,75,,374,19,,,0,17,,375,19,,,0,15,,376,19,,,0,15,,377,19,,,0,56,,378,19,,,0,18,,379,19,,,0,18,,380,19,,,0,17,,381,19,,,0,60,,382,19,,,0,17,,383,19,,,0,20,,384,19,,,0,61,,385,19,,,0,21,,386,19,,,0,23,,387,19,,,0,66,,388,19,,,0,21,,389,19,,,0,62,,390,19,,,0,22,,391,19,,,0,23,,392,19,,,0,62,,393,19,,,0,23,,394,19,,,0,20,,395,19,,,0,63,,396,19,,,0,14,,397,19,,,0,5,,422,7,0,20 19 21,0,11,,398,19,0,20 19 21,0,2,,399,19,,,0,56,,400,19,,,0,14,,401,19,,,0,18,,402,19,,,0,14,,403,19,,,0,54,,405,19,,,0,13,,404,19,,,0,14,,406,19,,,0,15,,407,19,,,0,55,,408,19,,,0,16,,409,19,,,0,22,,410,19,,,0,61,,411,19,,,0,25,,412,19,,,0,24,,420,19,,,0,65,,413,19,,,0,25,,414,19,,,0,64,,415,19,,,0,27,,421,19,,,0,24,,416,19,,,0,69,,417,19,,,0,72,,418,19,,,0,34,,419,19,,,0
500,'4327',645,,614,17,,,0,103,,615,17,,,0,96,,616,17,,,0,92,,628,17,,,0,97,,617,17,,,0,90,,618,17,,,0,104,,620,17,,,0,96,,621,17,,,0,101,,622,17,,,0,102,,619,17,,,0,100,,623,17,,,0,96,,624,17,,,0,103,,625,17,,,0,95,,626,17,,,0,93,,627,17,,,0
500,'4332',621,,653,17,,,0,95,,652,17,,,0,92,,651,17,,,0,102,,654,17,,,0,92,,629,17,,,0,34,,630,17,,,0,81,,631,17,,,0,37,,632,17,,,0,71,,634,17,,,0,75,,635,17,,,0,35,,636,17,,,0,75,,633,17,,,0,40,,637,17,,,0,77,,638,17,,,0,75,,639,17,,,0,40,,640,17,,,0,75,,641,17,,,0,28,,642,17,,,0,74,,643,17,,,0,33,,644,17,,,0,73,,645,17,,,0,83,,646,17,,,0,34,,647,17,,,0,75,,648,17,,,0,88,,649,17,,,0,99,,650,17,,,0
500,'4480',619,,655,17,,,0,84,,656,17,,,0,39,,657,17,,,0,76,,658,17,,,0,34,,659,17,,,0,74,,660,17,,,0,75,,661,17,,,0,36,,662,17,,,0,75,,663,17,,,0,36,,664,17,,,0,76,,665,17,,,0,78,,666,17,,,0,36,,667,17,,,0,77,,668,17,,,0,36,,669,17,,,0,83,,670,17,,,0,71,,671,17,,,0,35,,672,17,,,0,82,,673,17,,,0,33,,674,17,,,0,72,,675,17,,,0,28,,676,17,,,0,74,,677,17,,,0,73,,678,17,,,0,35,,679,17,,,0,68,,680,17,,,0,99,,681,17,,,0,99,,682,17,,,0
900,'4332',716,,845,59,,,0,100,,846,59,,,0,102,,847,59,,,0,101,,848,59,,,0,105,,849,59,,,0,96,,850,59,,,0,106,,851,59,,,0,100,,852,59,,,0,200,,854,59,,,0,103,,855,68,,,0,194,,857,59,,,0,95,,858,59,,,0,99,,859,59,,,0
1200,'4480',731,,886,21,,,0,80,,887,21,,,0,45,,888,21,,,0,75,,881,21,,,0,115,,882,21,,,0,160,,883,21,,,0,125,,884,21,,,0,170,,885,21,,,0,130,,879,21,,,0,80,,880,21,,,0,45,,878,21,,,0
2401,'4480',818,,990,44,0,5 6 7 8,0
2600,'4480',1529,,991,61,0,20 19 7 8,0
2601,'4480',815,,992,72,0,20 19 7 8,0
1000700,'4327',2006,,2086,55,,,0
1000700,'4332',1006,,2088,63,,,0,605,,2091,55,,,0,592,,2094,63,,,0
