300,'4327',635,,423,15,,,0,95,,424,15,,,0,89,,437,15,,,0,93,,426,15,,,0,90,,427,15,,,0,98,,428,15,,,0,55,,425,15,,,0,99,,429,15,,,0,101,,430,15,,,0,100,,431,15,,,0,100,,432,15,,,0,104,,433,15,,,0,98,,434,15,,,0,96,,435,15,,,0,100,,436,15,,,0
300,'4332',605,,462,15,,,0,50,,461,15,,,0,99,,463,15,,,0,88,,438,15,,,0,68,,439,15,,,0,40,,440,15,,,0,75,,442,15,,,0,30,,443,15,,,0,75,,444,15,,,0,75,,441,15,,,0,33,,445,15,,,0,80,,446,15,,,0,35,,447,15,,,0,75,,448,15,,,0,81,,449,15,,,0,35,,450,15,,,0,70,,451,15,,,0,36,,452,15,,,0,76,,453,15,,,0,75,,454,15,,,0,46,,455,15,,,0,75,,456,15,,,0,36,,457,15,,,0,90,,458,15,,,0,101,,459,15,,,0,101,,460,15,,,0
300,'4480',552,,465,15,,,0,70,,466,15,,,0,29,,467,15,,,0,74,,468,15,,,0,34,,469,15,,,0,75,,470,15,,,0,74,,471,15,,,0,35,,472,15,,,0,75,,473,15,,,0,35,,464,15,,,0,75,,474,15,,,0,74,,475,15,,,0,35,,476,15,,,0,75,,477,15,,,0,40,,478,15,,,0,71,,479,15,,,0,36,,480,15,,,0,81,,481,15,,,0,76,,482,15,,,0,34,,483,15,,,0,78,,484,15,,,0,76,,485,15,,,0,37,,487,15,,,0,75,,486,15,,,0,30,,488,15,,,0,101,,489,15,,,0,102,,490,15,,,0,103,,491,15,,,0
301,'4327',625,,495,27,,,0,101,,496,27,,,0,95,,498,27,,,0,91,,507,27,,,0,96,,493,27,,,0,50,,499,27,,,0,101,,500,27,,,0,96,,497,27,,,0,101,,501,27,,,0,101,,502,27,,,0,100,,503,27,,,0,98,,504,27,,,0,104,,505,27,,,0,96,,506,27,,,0,93,,492,27,,,0
301,'4332',600,,533,27,,,0,55,,532,27,,,0,91,,531,27,,,0,100,,534,27,,,0,92,,508,27,,,0,71,,509,27,,,0,40,,510,27,,,0,77,,511,27,,,0,30,,512,27,,,0,75,,513,27,,,0,75,,514,27,,,0,35,,515,27,,,0,80,,516,27,,,0,36,,517,27,,,0,75,,518,27,,,0,80,,519,27,,,0,35,,520,27,,,0,69,,521,27,,,0,35,,522,27,,,0,74,,523,27,,,0,34,,524,27,,,0,84,,525,27,,,0,75,,526,27,,,0,35,,527,27,,,0,89,,528,27,,,0,100,,529,27,,,0
301,'4480',558,,536,27,,,0,83,,537,27,,,0,76,,538,27,,,0,32,,539,27,,,0,75,,540,27,,,0,35,,541,27,,,0,75,,542,27,,,0,75,,543,27,,,0,35,,535,27,,,0,76,,544,27,,,0,36,,545,27,,,0,75,,546,27,,,0,75,,547,27,,,0,36,,548,27,,,0,75,,549,27,,,0,42,,550,27,,,0,74,,551,27,,,0,76,,552,27,,,0,41,,553,27,,,0,75,,554,27,,,0,32,,555,27,,,0,72,,556,27,,,0,75,,557,27,,,0,33,,558,27,,,0,75,,559,27,,,0,30,,560,27,,,0,100,,561,27,,,0,99,,562,27,,,0
2400,'4480',1514,,989,24,0,5 6 7 8,0
3101,'4327',818,,1028,18,,,0,209,,1025,18,,,0,220,,1022,18,,,0,110,,1026,18,,,0,154,,1024,18,,,0,115,,1027,18,,,0,109,,1023,18,,,0
3101,'4332',818,,1032,18,,,0,104,,1031,18,,,0,103,,1029,18,,,0,112,,1036,18,,,0,110,,1037,18,,,0,110,,1030,18,,,0,156,,1035,18,,,0,115,,1033,18,,,0,109,,1034,18,,,0,108,,1038,18,,,0
3101,'4480',645,,1039,18,,,0,83,,1040,18,,,0,72,,1042,18,,,0,33,,1043,18,,,0,72,,1041,18,,,0,46,,1045,18,,,0,106,,1046,18,,,0,151,,1047,18,,,0,110,,1044,18,,,0,116,,1048,18,,,0,118,,1049,18,,,0,78,,1051,18,,,0,75,,1052,18,,,0,36,,1053,18,,,0,72,,1050,18,,,0,30,,1054,18,,,0,58,,1055,18,,,0
1003101,'4327',923,,2161,21,,,0,215,,2160,21,,,0,75,,2154,21,,,0,110,,2156,21,,,0,110,,2157,21,,,0,114,,2158,21,,,0,155,,2159,21,,,0,110,,2155,21,,,0,109,,2162,21,,,0,115,,2163,21,,,0,98,,2164,21,,,0
1003101,'4332',852,,2170,21,,,0,105,,2176,21,,,0,146,,2165,21,,,0,111,,2166,21,,,0,110,,2167,21,,,0,111,,2169,21,,,0,115,,2174,21,,,0,154,,2172,21,,,0,109,,2171,21,,,0,109,,2168,21,,,0,115,,2173,21,,,0,100,,2175,21,,,0
1003101,'4480',715,,2177,21,,,0,32,,2178,21,,,0,73,,2179,21,,,0,32,,2180,21,,,0,72,,2181,21,,,0,101,,2182,21,,,0,110,,2183,21,,,0,110,,2184,21,,,0,110,,2185,21,,,0,159,,2186,21,,,0,99,,2187,21,,,0,38,,2188,21,,,0,74,,2189,21,,,0,34,,2190,21,,,0,70,,2191,21,,,0,91,,2192,21,,,0,90,,2193,21,,,0,121,,2194,21,,,0,108,,2195,21,,,0
