301,'4327',623,,495,24,,,0,101,,496,24,,,0,96,,498,24,,,0,91,,507,24,,,0,96,,493,24,,,0,50,,499,24,,,0,101,,500,24,,,0,95,,497,24,,,0,101,,501,24,,,0,101,,502,24,,,0,100,,503,24,,,0,99,,504,24,,,0,104,,505,24,,,0,96,,506,24,,,0,93,,492,24,,,0
301,'4332',558,,533,24,,,0,95,,532,24,,,0,92,,531,24,,,0,100,,534,24,,,0,92,,508,24,,,0,71,,509,24,,,0,40,,510,24,,,0,76,,511,24,,,0,30,,512,24,,,0,75,,513,24,,,0,75,,514,24,,,0,35,,515,24,,,0,80,,516,24,,,0,36,,517,24,,,0,75,,518,24,,,0,80,,519,24,,,0,35,,520,24,,,0,69,,521,24,,,0,35,,522,24,,,0,75,,523,24,,,0,34,,524,24,,,0,84,,525,24,,,0,75,,526,24,,,0,35,,527,24,,,0,88,,528,24,,,0,100,,529,24,,,0
301,'4480',556,,536,24,,,0,83,,537,24,,,0,76,,538,24,,,0,33,,539,24,,,0,75,,540,24,,,0,35,,541,24,,,0,75,,542,24,,,0,75,,543,24,,,0,35,,535,24,,,0,75,,544,24,,,0,36,,545,24,,,0,75,,546,24,,,0,75,,547,24,,,0,36,,548,24,,,0,75,,549,24,,,0,41,,550,24,,,0,75,,551,24,,,0,76,,552,24,,,0,40,,553,24,,,0,76,,554,24,,,0,32,,555,24,,,0,73,,556,24,,,0,75,,557,24,,,0,33,,558,24,,,0,75,,559,24,,,0,29,,560,24,,,0,100,,561,24,,,0,99,,562,24,,,0
2400,'4480',1512,,989,21,0,5 6 7 8,0
3101,'4327',817,,1028,15,,,0,208,,1025,15,,,0,220,,1022,15,,,0,110,,1026,15,,,0,154,,1024,15,,,0,115,,1027,15,,,0,109,,1023,15,,,0
3101,'4332',816,,1032,15,,,0,104,,1031,15,,,0,103,,1029,15,,,0,112,,1036,15,,,0,110,,1037,15,,,0,110,,1030,15,,,0,156,,1035,15,,,0,115,,1033,15,,,0,109,,1034,15,,,0,108,,1038,15,,,0
3101,'4480',644,,1039,15,,,0,83,,1040,15,,,0,31,,1042,15,,,0,73,,1043,15,,,0,72,,1041,15,,,0,46,,1045,15,,,0,106,,1046,15,,,0,151,,1047,15,,,0,110,,1044,15,,,0,116,,1048,15,,,0,117,,1049,15,,,0,79,,1051,15,,,0,75,,1052,15,,,0,36,,1053,15,,,0,72,,1050,15,,,0,30,,1054,15,,,0,18,,1055,15,,,0
1003101,'4327',922,,2161,18,,,0,214,,2160,18,,,0,75,,2154,18,,,0,110,,2156,18,,,0,110,,2157,18,,,0,114,,2158,18,,,0,155,,2159,18,,,0,110,,2155,18,,,0,109,,2162,18,,,0,115,,2163,18,,,0,99,,2164,18,,,0
1003101,'4332',850,,2170,18,,,0,105,,2176,18,,,0,146,,2165,18,,,0,111,,2166,18,,,0,110,,2167,18,,,0,111,,2169,18,,,0,115,,2174,18,,,0,154,,2172,18,,,0,109,,2171,18,,,0,109,,2168,18,,,0,115,,2173,18,,,0,100,,2175,18,,,0
1003101,'4480',714,,2177,18,,,0,31,,2178,18,,,0,73,,2179,18,,,0,32,,2180,18,,,0,72,,2181,18,,,0,101,,2182,18,,,0,110,,2183,18,,,0,110,,2184,18,,,0,110,,2185,18,,,0,158,,2186,18,,,0,100,,2187,18,,,0,38,,2188,18,,,0,74,,2189,18,,,0,34,,2190,18,,,0,70,,2191,18,,,0,91,,2192,18,,,0,90,,2193,18,,,0,121,,2194,18,,,0,109,,2195,18,,,0
