100,'4327',618,,1,19,,,0,41,,2,19,,,0,80,,3,19,,,0,80,,4,19,,,0,40,,5,19,,,0,90,,6,19,,,0,88,,7,19,,,0,80,,8,19,,,0,84,,9,19,,,0,38,,22,19,,,0,80,,10,19,,,0,40,,11,19,,,0,81,,12,19,,,0,80,,13,19,,,0,80,,14,19,,,0,40,,15,19,,,0,79,,16,19,,,0,40,,17,19,,,0,80,,18,19,,,0,77,,19,19,,,0,38,,20,19,,,0,76,,21,19,,,0,85,,23,19,,,0,95,,24,19,,,0
100,'4332',612,,25,19,,,0,32,,26,19,,,0,70,,27,19,,,0,30,,28,19,,,0,75,,29,19,,,0,36,,30,19,,,0,77,,31,19,,,0,72,,33,19,,,0,37,,34,19,,,0,77,,32,19,,,0,31,,35,19,,,0,70,,36,19,,,0,30,,37,19,,,0,71,,38,19,,,0,30,,39,19,,,0,70,,40,19,,,0,30,,41,19,,,0,70,,42,19,,,0,30,,43,19,,,0,70,,44,19,,,0,30,,45,19,,,0,69,,46,19,,,0,24,,47,19,,,0,69,,48,19,,,0,30,,49,19,,,0,75,,50,19,,,0,34,,51,19,,,0,74,,52,19,,,0,75,,53,19,,,0,34,,54,19,,,0,75,,55,19,,,0,34,,56,19,,,0
100,'4480',528,,58,19,,,0,30,,59,19,,,0,72,,57,19,,,0,20,,61,19,,,0,62,,62,19,,,0,21,,60,19,,,0,15,,63,19,,,0,61,,64,19,,,0,17,,65,19,,,0,15,,66,19,,,0,15,,67,19,,,0,57,,69,19,,,0,18,,68,19,,,0,15,,70,19,,,0,60,,71,19,,,0,19,,72,19,,,0,20,,73,19,,,0,62,,74,19,,,0,22,,75,19,,,0,24,,76,19,,,0,67,,78,19,,,0,22,,77,19,,,0,62,,79,19,,,0,24,,80,19,,,0,23,,82,19,,,0,62,,81,19,,,0,23,,83,19,,,0,23,,84,19,,,0,64,,85,19,,,0,16,,86,19,,,0,14,,87,19,,,0,56,,88,19,,,0,14,,89,19,,,0,17,,90,19,,,0,14,,91,19,,,0,55,,92,19,,,0,14,,93,19,,,0,12,,94,19,,,0,14,,95,19,,,0,54,,96,19,,,0,17,,97,19,,,0,19,,98,19,,,0,20,,99,19,,,0,63,,100,19,,,0,23,,107,19,,,0,64,,101,19,,,0,23,,102,19,,,0,24,,103,19,,,0,65,,108,19,,,0,24,,104,19,,,0,68,,105,19,,,0,31,,106,19,,,0
200,'4327',621,,213,24,,,0,35,,214,24,,,0,81,,215,24,,,0,86,,216,24,,,0,80,,217,24,,,0,43,,218,24,,,0,82,,219,24,,,0,95,,220,24,,,0,89,,221,24,,,0,46,,222,24,,,0,81,,223,24,,,0,80,,224,24,,,0,40,,225,24,,,0,80,,226,24,,,0,80,,227,24,,,0,40,,228,24,,,0,79,,229,24,,,0,80,,230,24,,,0,39,,231,24,,,0,79,,232,24,,,0,79,,233,24,,,0,40,,235,24,,,0,78,,234,24,,,0
200,'4332',622,,236,24,,,0,35,,237,24,,,0,75,,238,24,,,0,71,,239,24,,,0,33,,240,24,,,0,71,,241,24,,,0,37,,242,24,,,0,84,,243,24,,,0,75,,244,24,,,0,33,,245,24,,,0,70,,247,24,,,0,30,,248,24,,,0,68,,249,24,,,0,30,,246,24,,,0,70,,250,24,,,0,30,,251,24,,,0,70,,252,24,,,0,29,,253,24,,,0,70,,254,24,,,0,30,,256,24,,,0,69,,257,24,,,0,30,,255,24,,,0,68,,258,24,,,0,27,,259,24,,,0,29,,260,24,,,0,75,,261,24,,,0,78,,262,24,,,0,35,,263,24,,,0,75,,264,24,,,0,34,,265,24,,,0,74,,266,24,,,0
200,'4480',547,,267,24,,,0,76,,268,24,,,0,27,,269,24,,,0,72,,270,24,,,0,18,,271,24,,,0,15,,272,24,,,0,69,,273,24,,,0,12,,274,24,,,0,15,,275,24,,,0,60,,276,24,,,0,20,,277,24,,,0,22,,278,24,,,0,61,,279,24,,,0,23,,280,24,,,0,22,,281,24,,,0,63,,282,24,,,0,22,,283,24,,,0,62,,284,24,,,0,23,,285,24,,,0,22,,286,24,,,0,61,,287,24,,,0,23,,288,24,,,0,66,,289,24,,,0,28,,290,24,,,0,25,,291,24,,,0,62,,292,24,,,0,16,,293,24,,,0,16,,294,24,,,0,56,,295,24,,,0,14,,296,24,,,0,15,,297,24,,,0,14,,298,24,,,0,55,,299,24,,,0,15,,300,24,,,0,15,,301,24,,,0,14,,302,24,,,0,55,,303,24,,,0,21,,304,24,,,0,15,,305,24,,,0,20,,306,24,,,0,59,,307,24,,,0,20,,308,24,,,0,19,,314,24,,,0,68,,309,24,,,0,24,,310,24,,,0,64,,311,24,,,0,24,,315,24,,,0,23,,312,24,,,0,70,,313,24,,,0
1701,'4480',650,,919,36,,,0,76,,920,36,,,0,96,,921,36,,,0,727,,915,36,,,0,85,,916,36,,,0,84,,917,36,,,0,41,,918,36,,,0,83,,914,36,,,0
2100,'4327',856,,929,27,,,0,100,,930,27,,,0,174,,922,27,,,0,171,,924,27,,,0,130,,923,27,,,0,177,,925,27,,,0,128,,926,27,,,0,167,,927,27,,,0,130,,928,27,,,0
2100,'4332',818,,938,27,,,0,133,,940,27,,,0,180,,939,27,,,0,182,,934,27,,,0,117,,935,27,,,0,104,,936,27,,,0,99,,937,27,,,0,100,,932,27,,,0,173,,933,27,,,0,132,,931,27,,,0
2100,'4480',654,,952,27,,,0,88,,948,27,,,0,84,,949,27,,,0,91,,950,27,,,0,85,,951,27,,,0,38,,953,27,,,0,95,,947,27,,,0,169,,945,27,,,0,129,,946,27,,,0,285,,944,27,,,0,84,,942,27,,,0,103,,943,27,,,0,120,,941,27,,,0
2201,'4480',813,,987,28,0,9 10 7 8,0,693,,988,28,0,9 10 7 8,0
1002100,'4480',1546,,2105,32,,,0,75,,2106,32,,,0
