100,'4327',620,,1,23,,,0,81,,2,23,,,0,40,,3,23,,,0,81,,4,23,,,0,80,,5,23,,,0,50,,6,23,,,0,88,,7,23,,,0,80,,8,23,,,0,85,,9,23,,,0,38,,22,23,,,0,80,,10,23,,,0,80,,11,23,,,0,41,,12,23,,,0,80,,13,23,,,0,80,,14,23,,,0,40,,15,23,,,0,79,,16,23,,,0,79,,17,23,,,0,40,,18,23,,,0,77,,19,23,,,0,38,,20,23,,,0,76,,21,23,,,0,85,,23,23,,,0,94,,24,23,,,0
100,'4332',615,,25,23,,,0,32,,26,23,,,0,70,,27,23,,,0,30,,28,23,,,0,75,,29,23,,,0,36,,30,23,,,0,77,,31,23,,,0,72,,33,23,,,0,37,,34,23,,,0,77,,32,23,,,0,31,,35,23,,,0,70,,36,23,,,0,30,,37,23,,,0,71,,38,23,,,0,30,,39,23,,,0,70,,40,23,,,0,30,,41,23,,,0,70,,42,23,,,0,30,,43,23,,,0,70,,44,23,,,0,30,,45,23,,,0,69,,46,23,,,0,24,,47,23,,,0,70,,48,23,,,0,29,,49,23,,,0,75,,50,23,,,0,34,,51,23,,,0,74,,52,23,,,0,75,,53,23,,,0,34,,54,23,,,0,75,,55,23,,,0,34,,56,23,,,0
100,'4480',530,,58,23,,,0,70,,59,23,,,0,33,,57,23,,,0,20,,61,23,,,0,62,,62,23,,,0,21,,60,23,,,0,15,,63,23,,,0,61,,64,23,,,0,17,,65,23,,,0,15,,66,23,,,0,15,,67,23,,,0,57,,69,23,,,0,18,,68,23,,,0,15,,70,23,,,0,60,,71,23,,,0,19,,72,23,,,0,21,,73,23,,,0,62,,74,23,,,0,22,,75,23,,,0,23,,76,23,,,0,67,,78,23,,,0,22,,77,23,,,0,62,,79,23,,,0,24,,80,23,,,0,23,,82,23,,,0,63,,81,23,,,0,23,,83,23,,,0,63,,84,23,,,0,23,,85,23,,,0,16,,86,23,,,0,14,,87,23,,,0,57,,88,23,,,0,14,,89,23,,,0,17,,90,23,,,0,14,,91,23,,,0,54,,92,23,,,0,14,,93,23,,,0,13,,94,23,,,0,14,,95,23,,,0,53,,96,23,,,0,17,,97,23,,,0,19,,98,23,,,0,60,,99,23,,,0,23,,100,23,,,0,23,,107,23,,,0,64,,101,23,,,0,23,,102,23,,,0,24,,103,23,,,0,65,,108,23,,,0,24,,104,23,,,0,68,,105,23,,,0,30,,106,23,,,0
200,'4327',623,,213,28,,,0,35,,214,28,,,0,81,,215,28,,,0,86,,216,28,,,0,81,,217,28,,,0,43,,218,28,,,0,82,,219,28,,,0,96,,220,28,,,0,89,,221,28,,,0,86,,222,28,,,0,41,,223,28,,,0,80,,224,28,,,0,80,,225,28,,,0,40,,226,28,,,0,80,,227,28,,,0,80,,228,28,,,0,38,,229,28,,,0,80,,230,28,,,0,79,,231,28,,,0,39,,232,28,,,0,79,,233,28,,,0,40,,235,28,,,0,78,,234,28,,,0
200,'4332',624,,236,28,,,0,35,,237,28,,,0,75,,238,28,,,0,72,,239,28,,,0,33,,240,28,,,0,71,,241,28,,,0,37,,242,28,,,0,84,,243,28,,,0,76,,244,28,,,0,33,,245,28,,,0,70,,247,28,,,0,30,,248,28,,,0,68,,249,28,,,0,30,,246,28,,,0,70,,250,28,,,0,30,,251,28,,,0,70,,252,28,,,0,29,,253,28,,,0,70,,254,28,,,0,30,,256,28,,,0,69,,257,28,,,0,29,,255,28,,,0,68,,258,28,,,0,27,,259,28,,,0,29,,260,28,,,0,75,,261,28,,,0,78,,262,28,,,0,35,,263,28,,,0,75,,264,28,,,0,34,,265,28,,,0,73,,266,28,,,0
200,'4480',550,,267,28,,,0,76,,268,28,,,0,27,,269,28,,,0,72,,270,28,,,0,18,,271,28,,,0,15,,272,28,,,0,69,,273,28,,,0,12,,274,28,,,0,15,,275,28,,,0,60,,276,28,,,0,21,,277,28,,,0,22,,278,28,,,0,61,,279,28,,,0,22,,280,28,,,0,62,,281,28,,,0,23,,282,28,,,0,22,,283,28,,,0,62,,284,28,,,0,23,,285,28,,,0,22,,286,28,,,0,61,,287,28,,,0,23,,288,28,,,0,66,,289,28,,,0,28,,290,28,,,0,25,,291,28,,,0,62,,292,28,,,0,16,,293,28,,,0,16,,294,28,,,0,56,,295,28,,,0,14,,296,28,,,0,15,,297,28,,,0,14,,298,28,,,0,55,,299,28,,,0,15,,300,28,,,0,15,,301,28,,,0,15,,302,28,,,0,55,,303,28,,,0,21,,304,28,,,0,14,,305,28,,,0,60,,306,28,,,0,19,,307,28,,,0,20,,308,28,,,0,19,,314,28,,,0,68,,309,28,,,0,24,,310,28,,,0,64,,311,28,,,0,24,,315,28,,,0,63,,312,28,,,0,30,,313,28,,,0
601,'4327',609,,750,47,,,0,111,,751,47,,,0,108,,752,47,,,0,105,,753,47,,,0,86,,755,47,,,0,103,,756,47,,,0,90,,757,47,,,0,101,,754,47,,,0,100,,758,47,,,0,100,,759,47,,,0,100,,760,47,,,0,98,,761,47,,,0,104,,762,47,,,0,119,,763,47,,,0,109,,764,47,,,0
601,'4332',614,,767,47,,,0,100,,768,47,,,0,103,,766,47,,,0,97,,769,47,,,0,102,,770,47,,,0,100,,771,47,,,0,96,,772,47,,,0,102,,773,47,,,0,100,,774,47,,,0,99,,775,47,,,0,99,,776,47,,,0,99,,777,47,,,0,105,,778,47,,,0,103,,779,47,,,0,95,,780,47,,,0,107,,781,47,,,0,114,,782,47,,,0,110,,765,47,,,0
601,'4480',613,,793,47,,,0,40,,794,47,,,0,79,,796,47,,,0,80,,797,47,,,0,40,,798,47,,,0,83,,795,47,,,0,74,,799,47,,,0,118,,800,47,,,0,121,,801,47,,,0,166,,802,47,,,0,89,,803,47,,,0,39,,785,47,,,0,88,,786,47,,,0,83,,787,47,,,0,36,,789,47,,,0,85,,790,47,,,0,82,,791,47,,,0,99,,788,47,,,0,108,,792,47,,,0,112,,783,47,,,0,108,,784,47,,,0
1701,'4480',652,,919,40,,,0,77,,920,40,,,0,96,,921,40,,,0,727,,915,40,,,0,85,,916,40,,,0,85,,917,40,,,0,81,,918,40,,,0,42,,914,40,,,0
2100,'4327',859,,929,31,,,0,100,,930,31,,,0,174,,922,31,,,0,171,,924,31,,,0,131,,923,31,,,0,176,,925,31,,,0,128,,926,31,,,0,167,,927,31,,,0,130,,928,31,,,0
2100,'4332',821,,938,31,,,0,133,,940,31,,,0,181,,939,31,,,0,182,,934,31,,,0,117,,935,31,,,0,104,,936,31,,,0,99,,937,31,,,0,99,,932,31,,,0,173,,933,31,,,0,132,,931,31,,,0
2100,'4480',656,,952,31,,,0,89,,948,31,,,0,84,,949,31,,,0,92,,950,31,,,0,85,,951,31,,,0,38,,953,31,,,0,95,,947,31,,,0,168,,945,31,,,0,129,,946,31,,,0,286,,944,31,,,0,84,,942,31,,,0,102,,943,31,,,0,120,,941,31,,,0
2201,'4480',815,,987,32,0,9 10 7 8,0,695,,988,32,0,9 10 7 8,0
1002100,'4480',1549,,2105,36,,,0,75,,2106,36,,,0
