100,'4327',620,,1,22,,,0,81,,2,22,,,0,40,,3,22,,,0,81,,4,22,,,0,80,,5,22,,,0,50,,6,22,,,0,87,,7,22,,,0,80,,8,22,,,0,85,,9,22,,,0,38,,22,22,,,0,80,,10,22,,,0,80,,11,22,,,0,41,,12,22,,,0,80,,13,22,,,0,80,,14,22,,,0,40,,15,22,,,0,79,,16,22,,,0,79,,17,22,,,0,40,,18,22,,,0,77,,19,22,,,0,39,,20,22,,,0,76,,21,22,,,0,85,,23,22,,,0,94,,24,22,,,0
100,'4332',615,,25,22,,,0,32,,26,22,,,0,70,,27,22,,,0,30,,28,22,,,0,75,,29,22,,,0,35,,30,22,,,0,77,,31,22,,,0,72,,33,22,,,0,38,,34,22,,,0,77,,32,22,,,0,31,,35,22,,,0,70,,36,22,,,0,30,,37,22,,,0,71,,38,22,,,0,30,,39,22,,,0,70,,40,22,,,0,30,,41,22,,,0,70,,42,22,,,0,30,,43,22,,,0,70,,44,22,,,0,30,,45,22,,,0,69,,46,22,,,0,24,,47,22,,,0,69,,48,22,,,0,29,,49,22,,,0,75,,50,22,,,0,34,,51,22,,,0,74,,52,22,,,0,75,,53,22,,,0,35,,54,22,,,0,75,,55,22,,,0,34,,56,22,,,0
100,'4480',530,,58,22,,,0,70,,59,22,,,0,33,,57,22,,,0,20,,61,22,,,0,62,,62,22,,,0,21,,60,22,,,0,15,,63,22,,,0,60,,64,22,,,0,17,,65,22,,,0,15,,66,22,,,0,15,,67,22,,,0,57,,69,22,,,0,18,,68,22,,,0,15,,70,22,,,0,60,,71,22,,,0,19,,72,22,,,0,21,,73,22,,,0,62,,74,22,,,0,22,,75,22,,,0,24,,76,22,,,0,67,,78,22,,,0,22,,77,22,,,0,62,,79,22,,,0,24,,80,22,,,0,23,,82,22,,,0,63,,81,22,,,0,23,,83,22,,,0,63,,84,22,,,0,23,,85,22,,,0,16,,86,22,,,0,14,,87,22,,,0,57,,88,22,,,0,14,,89,22,,,0,17,,90,22,,,0,14,,91,22,,,0,54,,92,22,,,0,14,,93,22,,,0,12,,94,22,,,0,14,,95,22,,,0,53,,96,22,,,0,17,,97,22,,,0,19,,98,22,,,0,60,,99,22,,,0,23,,100,22,,,0,23,,107,22,,,0,64,,101,22,,,0,24,,102,22,,,0,24,,103,22,,,0,65,,108,22,,,0,24,,104,22,,,0,68,,105,22,,,0,30,,106,22,,,0
200,'4327',623,,213,27,,,0,35,,214,27,,,0,81,,215,27,,,0,86,,216,27,,,0,81,,217,27,,,0,42,,218,27,,,0,82,,219,27,,,0,96,,220,27,,,0,89,,221,27,,,0,86,,222,27,,,0,41,,223,27,,,0,80,,224,27,,,0,80,,225,27,,,0,40,,226,27,,,0,80,,227,27,,,0,80,,228,27,,,0,38,,229,27,,,0,80,,230,27,,,0,39,,231,27,,,0,79,,232,27,,,0,80,,233,27,,,0,40,,235,27,,,0,78,,234,27,,,0
200,'4332',624,,236,27,,,0,35,,237,27,,,0,75,,238,27,,,0,72,,239,27,,,0,33,,240,27,,,0,71,,241,27,,,0,36,,242,27,,,0,84,,243,27,,,0,76,,244,27,,,0,33,,245,27,,,0,70,,247,27,,,0,30,,248,27,,,0,68,,249,27,,,0,30,,246,27,,,0,70,,250,27,,,0,30,,251,27,,,0,70,,252,27,,,0,29,,253,27,,,0,70,,254,27,,,0,30,,256,27,,,0,69,,257,27,,,0,29,,255,27,,,0,68,,258,27,,,0,27,,259,27,,,0,29,,260,27,,,0,76,,261,27,,,0,78,,262,27,,,0,35,,263,27,,,0,75,,264,27,,,0,34,,265,27,,,0,73,,266,27,,,0
200,'4480',550,,267,27,,,0,76,,268,27,,,0,27,,269,27,,,0,72,,270,27,,,0,17,,271,27,,,0,15,,272,27,,,0,69,,273,27,,,0,12,,274,27,,,0,15,,275,27,,,0,60,,276,27,,,0,21,,277,27,,,0,22,,278,27,,,0,61,,279,27,,,0,23,,280,27,,,0,62,,281,27,,,0,23,,282,27,,,0,22,,283,27,,,0,62,,284,27,,,0,23,,285,27,,,0,22,,286,27,,,0,61,,287,27,,,0,23,,288,27,,,0,66,,289,27,,,0,28,,290,27,,,0,25,,291,27,,,0,62,,292,27,,,0,16,,293,27,,,0,16,,294,27,,,0,56,,295,27,,,0,14,,296,27,,,0,15,,297,27,,,0,14,,298,27,,,0,55,,299,27,,,0,15,,300,27,,,0,15,,301,27,,,0,14,,302,27,,,0,55,,303,27,,,0,21,,304,27,,,0,14,,305,27,,,0,20,,306,27,,,0,59,,307,27,,,0,20,,308,27,,,0,19,,314,27,,,0,69,,309,27,,,0,24,,310,27,,,0,64,,311,27,,,0,24,,315,27,,,0,63,,312,27,,,0,30,,313,27,,,0
601,'4327',609,,750,46,,,0,111,,751,46,,,0,108,,752,46,,,0,105,,753,46,,,0,86,,755,46,,,0,103,,756,46,,,0,90,,757,46,,,0,101,,754,46,,,0,100,,758,46,,,0,100,,759,46,,,0,100,,760,46,,,0,98,,761,46,,,0,104,,762,46,,,0,119,,763,46,,,0,109,,764,46,,,0
601,'4332',614,,767,46,,,0,100,,768,46,,,0,103,,766,46,,,0,97,,769,46,,,0,102,,770,46,,,0,100,,771,46,,,0,96,,772,46,,,0,102,,773,46,,,0,100,,774,46,,,0,99,,775,46,,,0,99,,776,46,,,0,99,,777,46,,,0,105,,778,46,,,0,103,,779,46,,,0,95,,780,46,,,0,107,,781,46,,,0,114,,782,46,,,0,110,,765,46,,,0
601,'4480',613,,793,46,,,0,40,,794,46,,,0,79,,796,46,,,0,79,,797,46,,,0,41,,798,46,,,0,83,,795,46,,,0,74,,799,46,,,0,117,,800,46,,,0,121,,801,46,,,0,166,,802,46,,,0,89,,803,46,,,0,39,,785,46,,,0,88,,786,46,,,0,83,,787,46,,,0,37,,789,46,,,0,85,,790,46,,,0,82,,791,46,,,0,99,,788,46,,,0,108,,792,46,,,0,112,,783,46,,,0,108,,784,46,,,0
1701,'4480',652,,919,39,,,0,76,,920,39,,,0,96,,921,39,,,0,728,,915,39,,,0,85,,916,39,,,0,84,,917,39,,,0,81,,918,39,,,0,42,,914,39,,,0
2100,'4327',859,,929,30,,,0,100,,930,30,,,0,173,,922,30,,,0,171,,924,30,,,0,131,,923,30,,,0,176,,925,30,,,0,128,,926,30,,,0,168,,927,30,,,0,130,,928,30,,,0
2100,'4332',821,,938,30,,,0,132,,940,30,,,0,181,,939,30,,,0,182,,934,30,,,0,117,,935,30,,,0,104,,936,30,,,0,99,,937,30,,,0,99,,932,30,,,0,173,,933,30,,,0,133,,931,30,,,0
2100,'4480',656,,952,30,,,0,88,,948,30,,,0,84,,949,30,,,0,92,,950,30,,,0,85,,951,30,,,0,38,,953,30,,,0,95,,947,30,,,0,169,,945,30,,,0,129,,946,30,,,0,285,,944,30,,,0,84,,942,30,,,0,102,,943,30,,,0,120,,941,30,,,0
2201,'4480',815,,987,31,0,9 10 7 8,0,694,,988,31,0,9 10 7 8,0
1002100,'4480',1549,,2105,35,,,0,75,,2106,35,,,0
