300,'4327',639,,423,21,,,0,95,,424,21,,,0,89,,437,21,,,0,94,,426,21,,,0,90,,427,21,,,0,98,,428,21,,,0,95,,425,21,,,0,59,,429,21,,,0,141,,430,21,,,0,100,,431,21,,,0,100,,432,21,,,0,104,,433,21,,,0,98,,434,21,,,0,56,,435,21,,,0,100,,436,21,,,0
300,'4332',609,,462,21,,,0,50,,461,21,,,0,99,,463,21,,,0,89,,438,21,,,0,68,,439,21,,,0,40,,440,21,,,0,75,,442,21,,,0,70,,443,21,,,0,35,,444,21,,,0,75,,441,21,,,0,34,,445,21,,,0,80,,446,21,,,0,35,,447,21,,,0,75,,448,21,,,0,81,,449,21,,,0,35,,450,21,,,0,70,,451,21,,,0,35,,452,21,,,0,76,,453,21,,,0,75,,454,21,,,0,46,,455,21,,,0,75,,456,21,,,0,76,,457,21,,,0,50,,458,21,,,0,101,,459,21,,,0,100,,460,21,,,0
300,'4480',556,,465,21,,,0,71,,466,21,,,0,29,,467,21,,,0,74,,468,21,,,0,74,,469,21,,,0,35,,470,21,,,0,75,,471,21,,,0,35,,472,21,,,0,75,,473,21,,,0,35,,464,21,,,0,75,,474,21,,,0,74,,475,21,,,0,35,,476,21,,,0,75,,477,21,,,0,40,,478,21,,,0,72,,479,21,,,0,76,,480,21,,,0,40,,481,21,,,0,76,,482,21,,,0,34,,483,21,,,0,78,,484,21,,,0,76,,485,21,,,0,36,,487,21,,,0,75,,486,21,,,0,30,,488,21,,,0,101,,489,21,,,0,102,,490,21,,,0,103,,491,21,,,0
601,'4327',547,,750,6,,,0,110,,751,6,,,0,146,,752,6,,,0,105,,753,6,,,0,45,,755,6,,,0,100,,756,6,,,0,90,,757,6,,,0,100,,754,6,,,0,100,,758,6,,,0,100,,759,6,,,0,100,,760,6,,,0,100,,761,6,,,0,105,,762,6,,,0,160,,763,6,,,0,110,,764,6,,,0
601,'4332',552,,767,6,,,0,100,,768,6,,,0,100,,766,6,,,0,96,,769,6,,,0,100,,770,6,,,0,100,,771,6,,,0,95,,772,6,,,0,100,,773,6,,,0,100,,774,6,,,0,100,,775,6,,,0,100,,776,6,,,0,100,,777,6,,,0,105,,778,6,,,0,105,,779,6,,,0,95,,780,6,,,0,110,,781,6,,,0,155,,782,6,,,0,110,,765,6,,,0
601,'4480',547,,793,6,,,0,78,,794,6,,,0,77,,796,6,,,0,37,,797,6,,,0,80,,798,6,,,0,84,,795,6,,,0,35,,799,6,,,0,115,,800,6,,,0,160,,801,6,,,0,126,,802,6,,,0,83,,803,6,,,0,87,,785,6,,,0,48,,786,6,,,0,82,,787,6,,,0,79,,789,6,,,0,85,,790,6,,,0,43,,791,6,,,0,102,,788,6,,,0,110,,792,6,,,0,154,,783,6,,,0,110,,784,6,,,0
2401,'4480',739,,990,6,0,5 6 7 8,0
3100,'4327',1011,,999,6,,,0,109,,993,6,,,0,109,,994,6,,,0,110,,995,6,,,0,115,,996,6,,,0,156,,998,6,,,0,110,,997,6,,,0
3100,'4332',905,,1003,6,,,0,105,,1007,6,,,0,109,,1001,6,,,0,110,,1000,6,,,0,109,,1002,6,,,0,115,,1004,6,,,0,155,,1006,6,,,0,111,,1005,6,,,0
3100,'4480',728,,1008,6,,,0,31,,1009,6,,,0,70,,1010,6,,,0,105,,1011,6,,,0,107,,1012,6,,,0,109,,1013,6,,,0,109,,1014,6,,,0,154,,1015,6,,,0,97,,1016,6,,,0,39,,1017,6,,,0,74,,1018,6,,,0,34,,1019,6,,,0,77,,1020,6,,,0,76,,1021,6,,,0
1003100,'4327',731,,2119,6,,,0,102,,2111,6,,,0,102,,2109,6,,,0,107,,2113,6,,,0,110,,2110,6,,,0,150,,2108,6,,,0,114,,2114,6,,,0,115,,2115,6,,,0,111,,2112,6,,,0,181,,2116,6,,,0,120,,2117,6,,,0,104,,2118,6,,,0
1003100,'4332',732,,2133,6,,,0,101,,2122,6,,,0,100,,2121,6,,,0,108,,2120,6,,,0,110,,2128,6,,,0,151,,2132,6,,,0,114,,2125,6,,,0,114,,2129,6,,,0,111,,2126,6,,,0,111,,2127,6,,,0,75,,2123,6,,,0,115,,2124,6,,,0,102,,2131,6,,,0,99,,2130,6,,,0
1003100,'4480',641,,2138,6,,,0,69,,2139,6,,,0,30,,2140,6,,,0,68,,2141,6,,,0,50,,2142,6,,,0,146,,2143,6,,,0,109,,2144,6,,,0,108,,2145,6,,,0,115,,2146,6,,,0,110,,2147,6,,,0,80,,2148,6,,,0,74,,2135,6,,,0,36,,2136,6,,,0,79,,2134,6,,,0,33,,2137,6,,,0,80,,2149,6,,,0,85,,2150,6,,,0,122,,2151,6,,,0,104,,2152,6,,,0,108,,2153,6,,,0
24003100,'4480',532,,2199,6,0,22 23 24 25,0,69,,2196,6,0,22 23 24 25,0,30,,2197,6,0,22 23 24 25,0,69,,2198,6,0,22 23 24 25,0
