101,'4327',623,,109,19,,,0,80,,110,19,,,0,45,,111,19,,,0,80,,112,19,,,0,79,,113,19,,,0,37,,114,19,,,0,94,,115,19,,,0,88,,116,19,,,0,85,,117,19,,,0,40,,118,19,,,0,80,,119,19,,,0,79,,120,19,,,0,40,,121,19,,,0,80,,122,19,,,0,80,,123,19,,,0,40,,124,19,,,0,81,,125,19,,,0,81,,126,19,,,0,42,,127,19,,,0,80,,128,19,,,0,81,,129,19,,,0,43,,130,19,,,0
101,'4332',623,,132,19,,,0,35,,131,19,,,0,70,,133,19,,,0,72,,134,19,,,0,28,,135,19,,,0,75,,136,19,,,0,42,,137,19,,,0,74,,138,19,,,0,32,,139,19,,,0,69,,140,19,,,0,29,,141,19,,,0,67,,142,19,,,0,28,,143,19,,,0,70,,144,19,,,0,30,,145,19,,,0,70,,146,19,,,0,30,,147,19,,,0,70,,148,19,,,0,31,,149,19,,,0,70,,150,19,,,0,30,,151,19,,,0,69,,152,19,,,0,28,,153,19,,,0,69,,154,19,,,0,38,,155,19,,,0,79,,156,19,,,0,78,,157,19,,,0,35,,158,19,,,0,76,,159,19,,,0,35,,160,19,,,0,72,,162,19,,,0,35,,161,19,,,0
101,'4480',548,,164,19,,,0,66,,165,19,,,0,30,,166,19,,,0,69,,167,19,,,0,23,,163,19,,,0,14,,168,19,,,0,56,,169,19,,,0,22,,170,19,,,0,21,,171,19,,,0,63,,172,19,,,0,20,,173,19,,,0,21,,174,19,,,0,62,,175,19,,,0,22,,176,19,,,0,22,,177,19,,,0,62,,178,19,,,0,22,,179,19,,,0,62,,180,19,,,0,21,,181,19,,,0,23,,182,19,,,0,65,,183,19,,,0,26,,184,19,,,0,19,,185,19,,,0,64,,186,19,,,0,18,,187,19,,,0,16,,188,19,,,0,56,,189,19,,,0,15,,190,19,,,0,15,,191,19,,,0,14,,192,19,,,0,55,,193,19,,,0,15,,194,19,,,0,15,,195,19,,,0,16,,196,19,,,0,55,,197,19,,,0,13,,198,19,,,0,14,,199,19,,,0,12,,200,19,,,0,62,,201,19,,,0,20,,202,19,,,0,20,,203,19,,,0,59,,211,19,,,0,30,,204,19,,,0,65,,205,19,,,0,23,,206,19,,,0,27,,212,19,,,0,64,,207,19,,,0,30,,208,19,,,0,74,,209,19,,,0,33,,210,19,,,0
500,'4327',646,,614,18,4,,0,103,,615,18,4,,0,96,,616,18,4,,0,92,,628,18,4,,0,97,,617,18,4,,0,90,,618,18,4,,0,104,,620,18,4,,0,96,,621,18,4,,0,101,,622,18,4,,0,102,,619,18,4,,0,100,,623,18,4,,0,96,,624,18,4,,0,103,,625,18,4,,0,95,,626,18,4,,0,93,,627,18,4,,0
500,'4332',622,,653,18,4,,0,95,,652,18,4,,0,92,,651,18,4,,0,102,,654,18,4,,0,92,,629,18,4,,0,34,,630,18,4,,0,81,,631,18,4,,0,37,,632,18,4,,0,71,,634,18,4,,0,75,,635,18,4,,0,35,,636,18,4,,0,75,,633,18,4,,0,40,,637,18,4,,0,77,,638,18,4,,0,75,,639,18,4,,0,40,,640,18,4,,0,75,,641,18,4,,0,28,,642,18,4,,0,74,,643,18,4,,0,33,,644,18,4,,0,73,,645,18,4,,0,83,,646,18,4,,0,34,,647,18,4,,0,75,,648,18,4,,0,88,,649,18,4,,0,99,,650,18,4,,0
500,'4480',620,,655,18,4,,0,84,,656,18,4,,0,39,,657,18,4,,0,76,,658,18,4,,0,34,,659,18,4,,0,74,,660,18,4,,0,75,,661,18,4,,0,36,,662,18,4,,0,75,,663,18,4,,0,36,,664,18,4,,0,76,,665,18,4,,0,78,,666,18,4,,0,36,,667,18,4,,0,77,,668,18,4,,0,36,,669,18,4,,0,83,,670,18,4,,0,71,,671,18,4,,0,35,,672,18,4,,0,82,,673,18,4,,0,33,,674,18,4,,0,72,,675,18,4,,0,28,,676,18,4,,0,74,,677,18,4,,0,73,,678,18,4,,0,35,,679,18,4,,0,68,,680,18,4,,0,99,,681,18,4,,0,99,,682,18,4,,0
900,'4332',717,,845,60,4,,0,100,,846,60,4,,0,102,,847,60,4,,0,101,,848,60,4,,0,105,,849,60,4,,0,96,,850,60,4,,0,106,,851,60,4,,0,100,,852,60,4,,0,200,,854,60,4,,0,103,,855,69,4,,0,194,,857,60,4,,0,95,,858,60,4,,0,99,,859,60,4,,0
1200,'4480',732,,886,22,4,,0,80,,887,22,4,,0,45,,888,22,4,,0,75,,881,22,4,,0,115,,882,22,4,,0,160,,883,22,4,,0,125,,884,22,4,,0,170,,885,22,4,,0,130,,879,22,4,,0,80,,880,22,4,,0,45,,878,22,4,,0
2101,'4327',800,,962,1,,,0,59,,954,1,,,0,173,,955,1,,,0,168,,956,1,,,0,129,,957,1,,,0,177,,958,1,,,0,129,,959,1,,,0,172,,960,1,,,0,131,,961,1,,,0
2101,'4332',723,,971,1,,,0,129,,972,1,,,0,178,,970,1,,,0,124,,966,1,,,0,167,,964,1,,,0,106,,965,1,,,0,101,,967,1,,,0,101,,968,1,,,0,129,,969,1,,,0,171,,963,1,,,0
2101,'4480',558,,984,1,,,0,84,,985,1,,,0,166,,983,1,,,0,92,,982,1,,,0,37,,986,1,,,0,94,,981,1,,,0,124,,974,1,,,0,167,,979,1,,,0,103,,975,1,,,0,34,,976,1,,,0,147,,980,1,,,0,49,,978,1,,,0,149,,973,1,,,0,122,,977,1,,,0
2400,'4480',1516,,989,25,4,,0
2401,'4480',819,,990,45,4,,0
2600,'4480',1530,,991,62,4,,0
2601,'4480',816,,992,73,4,,0
1000700,'4327',2007,,2086,56,4,,0
1000700,'4332',1007,,2088,64,4,,0,605,,2091,56,4,,0,592,,2094,64,4,,0
1002101,'4480',717,,2107,1,,,0
