100,'4327',621,,1,24,,,0,81,,2,24,,,0,40,,3,24,,,0,81,,4,24,,,0,80,,5,24,,,0,50,,6,24,,,0,88,,7,24,,,0,80,,8,24,,,0,85,,9,24,,,0,38,,22,24,,,0,80,,10,24,,,0,80,,11,24,,,0,41,,12,24,,,0,80,,13,24,,,0,80,,14,24,,,0,40,,15,24,,,0,79,,16,24,,,0,79,,17,24,,,0,40,,18,24,,,0,77,,19,24,,,0,38,,20,24,,,0,76,,21,24,,,0,85,,23,24,,,0,94,,24,24,,,0
100,'4332',616,,25,24,,,0,32,,26,24,,,0,70,,27,24,,,0,30,,28,24,,,0,75,,29,24,,,0,36,,30,24,,,0,77,,31,24,,,0,72,,33,24,,,0,38,,34,24,,,0,77,,32,24,,,0,31,,35,24,,,0,70,,36,24,,,0,30,,37,24,,,0,71,,38,24,,,0,30,,39,24,,,0,70,,40,24,,,0,30,,41,24,,,0,70,,42,24,,,0,30,,43,24,,,0,70,,44,24,,,0,30,,45,24,,,0,69,,46,24,,,0,24,,47,24,,,0,69,,48,24,,,0,29,,49,24,,,0,75,,50,24,,,0,34,,51,24,,,0,74,,52,24,,,0,75,,53,24,,,0,34,,54,24,,,0,75,,55,24,,,0,34,,56,24,,,0
100,'4480',531,,58,24,,,0,70,,59,24,,,0,33,,57,24,,,0,20,,61,24,,,0,62,,62,24,,,0,21,,60,24,,,0,15,,63,24,,,0,61,,64,24,,,0,17,,65,24,,,0,15,,66,24,,,0,55,,67,24,,,0,17,,69,24,,,0,18,,68,24,,,0,15,,70,24,,,0,60,,71,24,,,0,19,,72,24,,,0,21,,73,24,,,0,62,,74,24,,,0,22,,75,24,,,0,24,,76,24,,,0,67,,78,24,,,0,22,,77,24,,,0,62,,79,24,,,0,24,,80,24,,,0,23,,82,24,,,0,63,,81,24,,,0,23,,83,24,,,0,63,,84,24,,,0,23,,85,24,,,0,16,,86,24,,,0,14,,87,24,,,0,57,,88,24,,,0,14,,89,24,,,0,17,,90,24,,,0,54,,91,24,,,0,14,,92,24,,,0,14,,93,24,,,0,12,,94,24,,,0,14,,95,24,,,0,53,,96,24,,,0,17,,97,24,,,0,19,,98,24,,,0,60,,99,24,,,0,23,,100,24,,,0,23,,107,24,,,0,64,,101,24,,,0,23,,102,24,,,0,64,,103,24,,,0,25,,108,24,,,0,24,,104,24,,,0,68,,105,24,,,0,30,,106,24,,,0
200,'4327',624,,213,29,,,0,35,,214,29,,,0,81,,215,29,,,0,86,,216,29,,,0,81,,217,29,,,0,43,,218,29,,,0,82,,219,29,,,0,96,,220,29,,,0,89,,221,29,,,0,86,,222,29,,,0,41,,223,29,,,0,80,,224,29,,,0,80,,225,29,,,0,40,,226,29,,,0,80,,227,29,,,0,80,,228,29,,,0,38,,229,29,,,0,80,,230,29,,,0,79,,231,29,,,0,39,,232,29,,,0,79,,233,29,,,0,40,,235,29,,,0,78,,234,29,,,0
200,'4332',625,,236,29,,,0,75,,237,29,,,0,35,,238,29,,,0,72,,239,29,,,0,33,,240,29,,,0,71,,241,29,,,0,37,,242,29,,,0,84,,243,29,,,0,76,,244,29,,,0,33,,245,29,,,0,70,,247,29,,,0,30,,248,29,,,0,68,,249,29,,,0,30,,246,29,,,0,70,,250,29,,,0,30,,251,29,,,0,70,,252,29,,,0,29,,253,29,,,0,70,,254,29,,,0,30,,256,29,,,0,69,,257,29,,,0,29,,255,29,,,0,68,,258,29,,,0,27,,259,29,,,0,69,,260,29,,,0,35,,261,29,,,0,78,,262,29,,,0,35,,263,29,,,0,75,,264,29,,,0,34,,265,29,,,0,73,,266,29,,,0
200,'4480',551,,267,29,,,0,76,,268,29,,,0,27,,269,29,,,0,72,,270,29,,,0,18,,271,29,,,0,15,,272,29,,,0,69,,273,29,,,0,12,,274,29,,,0,15,,275,29,,,0,60,,276,29,,,0,21,,277,29,,,0,22,,278,29,,,0,61,,279,29,,,0,23,,280,29,,,0,62,,281,29,,,0,23,,282,29,,,0,22,,283,29,,,0,62,,284,29,,,0,23,,285,29,,,0,22,,286,29,,,0,61,,287,29,,,0,23,,288,29,,,0,66,,289,29,,,0,28,,290,29,,,0,25,,291,29,,,0,62,,292,29,,,0,16,,293,29,,,0,16,,294,29,,,0,56,,295,29,,,0,14,,296,29,,,0,15,,297,29,,,0,14,,298,29,,,0,55,,299,29,,,0,15,,300,29,,,0,15,,301,29,,,0,14,,302,29,,,0,55,,303,29,,,0,21,,304,29,,,0,14,,305,29,,,0,60,,306,29,,,0,19,,307,29,,,0,20,,308,29,,,0,19,,314,29,,,0,68,,309,29,,,0,24,,310,29,,,0,64,,311,29,,,0,24,,315,29,,,0,63,,312,29,,,0,30,,313,29,,,0
300,'4327',636,,423,16,,,0,95,,424,16,,,0,89,,437,16,,,0,93,,426,16,,,0,90,,427,16,,,0,98,,428,16,,,0,55,,425,16,,,0,99,,429,16,,,0,101,,430,16,,,0,100,,431,16,,,0,100,,432,16,,,0,144,,433,16,,,0,58,,434,16,,,0,96,,435,16,,,0,100,,436,16,,,0
300,'4332',606,,462,16,,,0,50,,461,16,,,0,99,,463,16,,,0,88,,438,16,,,0,68,,439,16,,,0,40,,440,16,,,0,75,,442,16,,,0,30,,443,16,,,0,75,,444,16,,,0,75,,441,16,,,0,33,,445,16,,,0,80,,446,16,,,0,35,,447,16,,,0,75,,448,16,,,0,81,,449,16,,,0,35,,450,16,,,0,70,,451,16,,,0,36,,452,16,,,0,76,,453,16,,,0,75,,454,16,,,0,46,,455,16,,,0,75,,456,16,,,0,36,,457,16,,,0,90,,458,16,,,0,101,,459,16,,,0,101,,460,16,,,0
300,'4480',553,,465,16,,,0,70,,466,16,,,0,29,,467,16,,,0,74,,468,16,,,0,74,,469,16,,,0,35,,470,16,,,0,74,,471,16,,,0,35,,472,16,,,0,75,,473,16,,,0,35,,464,16,,,0,75,,474,16,,,0,74,,475,16,,,0,35,,476,16,,,0,75,,477,16,,,0,40,,478,16,,,0,72,,479,16,,,0,76,,480,16,,,0,40,,481,16,,,0,76,,482,16,,,0,34,,483,16,,,0,78,,484,16,,,0,76,,485,16,,,0,37,,487,16,,,0,75,,486,16,,,0,30,,488,16,,,0,101,,489,16,,,0,102,,490,16,,,0,103,,491,16,,,0
501,'4327',618,,684,1,,,0,95,,683,1,,,0,87,,697,1,,,0,52,,685,1,,,0,90,,686,1,,,0,96,,687,1,,,0,94,,688,1,,,0,99,,689,1,,,0,100,,691,1,,,0,100,,692,1,,,0,100,,693,1,,,0,104,,690,1,,,0,100,,694,1,,,0,97,,695,1,,,0,100,,696,1,,,0
501,'4332',639,,721,1,,,0,98,,722,1,,,0,86,,700,1,,,0,27,,701,1,,,0,80,,698,1,,,0,74,,699,1,,,0,29,,702,1,,,0,75,,703,1,,,0,35,,704,1,,,0,73,,705,1,,,0,38,,706,1,,,0,75,,707,1,,,0,75,,708,1,,,0,41,,709,1,,,0,75,,710,1,,,0,31,,711,1,,,0,76,,712,1,,,0,76,,713,1,,,0,36,,714,1,,,0,86,,715,1,,,0,76,,716,1,,,0,36,,718,1,,,0,91,,719,1,,,0,102,,720,1,,,0,101,,717,1,,,0
501,'4480',604,,723,1,,,0,26,,724,1,,,0,74,,725,1,,,0,32,,726,1,,,0,73,,727,1,,,0,35,,729,1,,,0,77,,728,1,,,0,34,,730,1,,,0,75,,731,1,,,0,73,,732,1,,,0,34,,733,1,,,0,75,,734,1,,,0,35,,735,1,,,0,79,,736,1,,,0,30,,737,1,,,0,72,,738,1,,,0,85,,739,1,,,0,37,,740,1,,,0,73,,741,1,,,0,79,,742,1,,,0,39,,743,1,,,0,77,,744,1,,,0,36,,745,1,,,0,71,,746,1,,,0,102,,747,1,,,0,102,,748,1,,,0,106,,749,1,,,0
700,'4332',525,,812,1,0,11 12,0,100,,813,1,0,11 12,0,199,,814,1,0,11 12,0,200,,815,1,0,11 12,0,200,,816,1,0,11 12,0,199,,817,1,0,11 12,0,200,,818,1,0,11 12,0,401,,820,1,0,11 12,0
900,'4332',1648,,855,1,0,13 2 14 15,0
1201,'4480',703,,897,1,,,0,39,,898,1,,,0,86,,899,1,,,0,77,,894,1,,,0,115,,895,1,,,0,119,,896,1,,,0,164,,889,1,,,0,126,,891,1,,,0,171,,892,1,,,0,42,,893,1,,,0,85,,890,1,,,0
2600,'4480',1426,,991,1,0,14 15 7 8,0
2601,'4480',715,,992,1,0,14 15 7 8,0
1000700,'4332',724,,2087,1,0,16,0,199,,2088,1,0,16,0,200,,2089,1,0,16,0,200,,2090,1,0,16,0,400,,2092,1,0,16,0,200,,2093,1,0,16,0,201,,2094,1,0,16,0
