101,'4327',624,,109,20,,,0,80,,110,20,,,0,45,,111,20,,,0,80,,112,20,,,0,80,,113,20,,,0,37,,114,20,,,0,94,,115,20,,,0,88,,116,20,,,0,85,,117,20,,,0,40,,118,20,,,0,80,,119,20,,,0,79,,120,20,,,0,40,,121,20,,,0,80,,122,20,,,0,80,,123,20,,,0,40,,124,20,,,0,81,,125,20,,,0,81,,126,20,,,0,42,,127,20,,,0,80,,128,20,,,0,81,,129,20,,,0,42,,130,20,,,0
101,'4332',624,,132,20,,,0,35,,131,20,,,0,70,,133,20,,,0,72,,134,20,,,0,29,,135,20,,,0,75,,136,20,,,0,42,,137,20,,,0,74,,138,20,,,0,32,,139,20,,,0,69,,140,20,,,0,29,,141,20,,,0,67,,142,20,,,0,28,,143,20,,,0,70,,144,20,,,0,30,,145,20,,,0,70,,146,20,,,0,30,,147,20,,,0,70,,148,20,,,0,31,,149,20,,,0,70,,150,20,,,0,30,,151,20,,,0,69,,152,20,,,0,28,,153,20,,,0,69,,154,20,,,0,38,,155,20,,,0,79,,156,20,,,0,78,,157,20,,,0,35,,158,20,,,0,75,,159,20,,,0,35,,160,20,,,0,72,,162,20,,,0,75,,161,20,,,0
101,'4480',549,,164,20,,,0,66,,165,20,,,0,31,,166,20,,,0,69,,167,20,,,0,23,,163,20,,,0,14,,168,20,,,0,56,,169,20,,,0,22,,170,20,,,0,21,,171,20,,,0,63,,172,20,,,0,20,,173,20,,,0,21,,174,20,,,0,62,,175,20,,,0,22,,176,20,,,0,62,,177,20,,,0,22,,178,20,,,0,22,,179,20,,,0,62,,180,20,,,0,21,,181,20,,,0,23,,182,20,,,0,65,,183,20,,,0,26,,184,20,,,0,59,,185,20,,,0,24,,186,20,,,0,18,,187,20,,,0,16,,188,20,,,0,56,,189,20,,,0,15,,190,20,,,0,15,,191,20,,,0,14,,192,20,,,0,55,,193,20,,,0,15,,194,20,,,0,15,,195,20,,,0,56,,196,20,,,0,15,,197,20,,,0,13,,198,20,,,0,14,,199,20,,,0,12,,200,20,,,0,62,,201,20,,,0,20,,202,20,,,0,20,,203,20,,,0,59,,211,20,,,0,30,,204,20,,,0,65,,205,20,,,0,23,,206,20,,,0,67,,212,20,,,0,23,,207,20,,,0,30,,208,20,,,0,74,,209,20,,,0,73,,210,20,,,0
201,'4327',617,,316,21,,,0,40,,317,21,,,0,79,,318,21,,,0,80,,319,21,,,0,87,,320,21,,,0,46,,321,21,,,0,79,,322,21,,,0,82,,323,21,,,0,37,,336,21,,,0,80,,324,21,,,0,79,,325,21,,,0,38,,326,21,,,0,80,,327,21,,,0,80,,328,21,,,0,40,,329,21,,,0,80,,330,21,,,0,80,,331,21,,,0,41,,333,21,,,0,79,,332,21,,,0,80,,334,21,,,0,39,,335,21,,,0,85,,338,21,,,0,99,,337,21,,,0
201,'4332',601,,340,21,,,0,31,,341,21,,,0,68,,342,21,,,0,35,,343,21,,,0,75,,344,21,,,0,35,,339,21,,,0,71,,345,21,,,0,34,,346,21,,,0,77,,347,21,,,0,30,,348,21,,,0,70,,349,21,,,0,29,,350,21,,,0,70,,352,21,,,0,28,,353,21,,,0,69,,354,21,,,0,29,,351,21,,,0,70,,355,21,,,0,30,,356,21,,,0,70,,357,21,,,0,31,,358,21,,,0,70,,359,21,,,0,26,,360,21,,,0,70,,361,21,,,0,30,,363,21,,,0,76,,364,21,,,0,76,,365,21,,,0,36,,362,21,,,0,76,,366,21,,,0,37,,368,21,,,0,75,,367,21,,,0,75,,369,21,,,0,36,,370,21,,,0
201,'4480',513,,371,21,,,0,35,,372,21,,,0,80,,373,21,,,0,75,,374,21,,,0,17,,375,21,,,0,15,,376,21,,,0,15,,377,21,,,0,57,,378,21,,,0,18,,379,21,,,0,18,,380,21,,,0,57,,381,21,,,0,20,,382,21,,,0,17,,383,21,,,0,20,,384,21,,,0,61,,385,21,,,0,21,,386,21,,,0,63,,387,21,,,0,26,,388,21,,,0,21,,389,21,,,0,62,,390,21,,,0,22,,391,21,,,0,23,,392,21,,,0,62,,393,21,,,0,23,,394,21,,,0,60,,395,21,,,0,23,,396,21,,,0,15,,397,21,,,0,17,,399,21,,,0,56,,400,21,,,0,14,,401,21,,,0,18,,402,21,,,0,14,,403,21,,,0,54,,405,21,,,0,13,,404,21,,,0,14,,406,21,,,0,15,,407,21,,,0,55,,408,21,,,0,16,,409,21,,,0,22,,410,21,,,0,61,,411,21,,,0,25,,412,21,,,0,24,,420,21,,,0,65,,413,21,,,0,25,,414,21,,,0,64,,415,21,,,0,27,,421,21,,,0,64,,416,21,,,0,29,,417,21,,,0,71,,418,21,,,0,34,,419,21,,,0
1701,'4480',626,,919,2,0,10 12,0,75,,920,2,0,10 12,0,50,,921,2,0,10 12,0,766,,915,2,0,10 12,0,85,,916,2,0,10 12,0,45,,917,2,0,10 12,0,85,,918,2,0,10 12,0,85,,914,2,0,10 12,0
2101,'4327',802,,962,2,,,0,99,,954,2,,,0,133,,955,2,,,0,168,,956,2,,,0,129,,957,2,,,0,177,,958,2,,,0,129,,959,2,,,0,172,,960,2,,,0,131,,961,2,,,0
2101,'4332',725,,971,2,,,0,129,,972,2,,,0,178,,970,2,,,0,124,,966,2,,,0,167,,964,2,,,0,106,,965,2,,,0,101,,967,2,,,0,101,,968,2,,,0,169,,969,2,,,0,131,,963,2,,,0
2101,'4480',600,,984,2,,,0,44,,985,2,,,0,166,,983,2,,,0,92,,982,2,,,0,37,,986,2,,,0,94,,981,2,,,0,124,,974,2,,,0,167,,979,2,,,0,103,,975,2,,,0,74,,976,2,,,0,107,,980,2,,,0,49,,978,2,,,0,149,,973,2,,,0,122,,977,2,,,0
2201,'4480',741,,987,2,0,9 10 7 8,0,686,,988,2,0,9 10 7 8,0
1002101,'4480',719,,2107,2,,,0
