300,'4327',627,,423,1,,,0,95,,424,1,,,0,88,,437,1,,,0,92,,426,1,,,0,50,,427,1,,,0,97,,428,1,,,0,94,,425,1,,,0,99,,429,1,,,0,101,,430,1,,,0,100,,431,1,,,0,100,,432,1,,,0,104,,433,1,,,0,100,,434,1,,,0,96,,435,1,,,0,100,,436,1,,,0
300,'4332',558,,462,1,,,0,90,,461,1,,,0,98,,463,1,,,0,87,,438,1,,,0,67,,439,1,,,0,40,,440,1,,,0,75,,442,1,,,0,29,,443,1,,,0,75,,444,1,,,0,35,,441,1,,,0,73,,445,1,,,0,79,,446,1,,,0,35,,447,1,,,0,75,,448,1,,,0,41,,449,1,,,0,75,,450,1,,,0,71,,451,1,,,0,36,,452,1,,,0,76,,453,1,,,0,36,,454,1,,,0,86,,455,1,,,0,75,,456,1,,,0,36,,457,1,,,0,90,,458,1,,,0,102,,459,1,,,0,101,,460,1,,,0
300,'4480',543,,465,1,,,0,70,,466,1,,,0,28,,467,1,,,0,74,,468,1,,,0,33,,469,1,,,0,74,,470,1,,,0,34,,471,1,,,0,76,,472,1,,,0,74,,473,1,,,0,35,,464,1,,,0,74,,474,1,,,0,34,,475,1,,,0,75,,476,1,,,0,35,,477,1,,,0,80,,478,1,,,0,71,,479,1,,,0,36,,480,1,,,0,81,,481,1,,,0,76,,482,1,,,0,33,,483,1,,,0,79,,484,1,,,0,38,,485,1,,,0,77,,487,1,,,0,76,,486,1,,,0,30,,488,1,,,0,102,,489,1,,,0,102,,490,1,,,0,104,,491,1,,,0
301,'4327',635,,495,42,4,,0,102,,496,42,4,,0,96,,498,42,4,,0,92,,507,42,4,,0,96,,493,42,4,,0,90,,499,42,4,,0,102,,500,42,4,,0,96,,497,42,4,,0,101,,501,42,4,,0,102,,502,42,4,,0,100,,503,42,4,,0,97,,504,42,4,,0,104,,505,42,4,,0,95,,506,42,4,,0,93,,492,42,4,,0
301,'4332',611,,533,42,4,,0,95,,532,42,4,,0,52,,531,42,4,,0,101,,534,42,4,,0,92,,508,42,4,,0,73,,509,42,4,,0,80,,510,42,4,,0,37,,511,42,4,,0,70,,512,42,4,,0,35,,513,42,4,,0,75,,514,42,4,,0,35,,515,42,4,,0,80,,516,42,4,,0,77,,517,42,4,,0,35,,518,42,4,,0,80,,519,42,4,,0,75,,520,42,4,,0,28,,521,42,4,,0,75,,522,42,4,,0,34,,523,42,4,,0,73,,524,42,4,,0,43,,525,42,4,,0,75,,526,42,4,,0,75,,527,42,4,,0,48,,528,42,4,,0,99,,529,42,4,,0
301,'4480',608,,536,42,4,,0,43,,537,42,4,,0,77,,538,42,4,,0,75,,539,42,4,,0,35,,540,42,4,,0,75,,541,42,4,,0,35,,542,42,4,,0,75,,543,42,4,,0,35,,535,42,4,,0,76,,544,42,4,,0,76,,545,42,4,,0,37,,546,42,4,,0,75,,547,42,4,,0,36,,548,42,4,,0,76,,549,42,4,,0,83,,550,42,4,,0,32,,551,42,4,,0,76,,552,42,4,,0,81,,553,42,4,,0,35,,554,42,4,,0,72,,555,42,4,,0,30,,556,42,4,,0,74,,557,42,4,,0,33,,558,42,4,,0,75,,559,42,4,,0,29,,560,42,4,,0,99,,561,42,4,,0,99,,562,42,4,,0
500,'4327',635,,614,1,,,0,102,,615,1,,,0,96,,616,1,,,0,92,,628,1,,,0,96,,617,1,,,0,90,,618,1,,,0,102,,620,1,,,0,96,,621,1,,,0,101,,622,1,,,0,102,,619,1,,,0,100,,623,1,,,0,97,,624,1,,,0,104,,625,1,,,0,95,,626,1,,,0,93,,627,1,,,0
500,'4332',611,,653,1,,,0,95,,652,1,,,0,52,,651,1,,,0,101,,654,1,,,0,92,,629,1,,,0,73,,630,1,,,0,80,,631,1,,,0,37,,632,1,,,0,70,,634,1,,,0,35,,635,1,,,0,75,,636,1,,,0,35,,633,1,,,0,80,,637,1,,,0,77,,638,1,,,0,35,,639,1,,,0,80,,640,1,,,0,75,,641,1,,,0,28,,642,1,,,0,75,,643,1,,,0,34,,644,1,,,0,73,,645,1,,,0,43,,646,1,,,0,75,,647,1,,,0,75,,648,1,,,0,48,,649,1,,,0,99,,650,1,,,0
500,'4480',608,,655,1,,,0,43,,656,1,,,0,77,,657,1,,,0,75,,658,1,,,0,35,,659,1,,,0,75,,660,1,,,0,35,,661,1,,,0,75,,662,1,,,0,35,,663,1,,,0,76,,664,1,,,0,76,,665,1,,,0,37,,666,1,,,0,75,,667,1,,,0,36,,668,1,,,0,76,,669,1,,,0,83,,670,1,,,0,32,,671,1,,,0,76,,672,1,,,0,81,,673,1,,,0,35,,674,1,,,0,72,,675,1,,,0,30,,676,1,,,0,74,,677,1,,,0,33,,678,1,,,0,75,,679,1,,,0,29,,680,1,,,0,99,,681,1,,,0,99,,682,1,,,0
501,'4327',627,,684,21,4,,0,95,,683,21,4,,0,88,,697,21,4,,0,92,,685,21,4,,0,50,,686,21,4,,0,97,,687,21,4,,0,94,,688,21,4,,0,99,,689,21,4,,0,101,,691,21,4,,0,100,,692,21,4,,0,100,,693,21,4,,0,104,,690,21,4,,0,100,,694,21,4,,0,96,,695,21,4,,0,100,,696,21,4,,0
501,'4332',648,,721,21,4,,0,98,,722,21,4,,0,87,,700,21,4,,0,67,,701,21,4,,0,40,,698,21,4,,0,75,,699,21,4,,0,29,,702,21,4,,0,75,,703,21,4,,0,35,,704,21,4,,0,73,,705,21,4,,0,79,,706,21,4,,0,35,,707,21,4,,0,75,,708,21,4,,0,41,,709,21,4,,0,75,,710,21,4,,0,71,,711,21,4,,0,36,,712,21,4,,0,76,,713,21,4,,0,36,,714,21,4,,0,86,,715,21,4,,0,75,,716,21,4,,0,36,,718,21,4,,0,90,,719,21,4,,0,102,,720,21,4,,0,101,,717,21,4,,0
501,'4480',613,,723,21,4,,0,28,,724,21,4,,0,74,,725,21,4,,0,33,,726,21,4,,0,74,,727,21,4,,0,34,,729,21,4,,0,76,,728,21,4,,0,74,,730,21,4,,0,35,,731,21,4,,0,74,,732,21,4,,0,34,,733,21,4,,0,75,,734,21,4,,0,35,,735,21,4,,0,80,,736,21,4,,0,71,,737,21,4,,0,36,,738,21,4,,0,81,,739,21,4,,0,76,,740,21,4,,0,33,,741,21,4,,0,79,,742,21,4,,0,38,,743,21,4,,0,77,,744,21,4,,0,76,,745,21,4,,0,30,,746,21,4,,0,102,,747,21,4,,0,102,,748,21,4,,0,104,,749,21,4,,0
2400,'4480',1442,,989,8,0,5 6 7 8,0
