5200,'4327',1006,,1541,18,4,,0,103,,1540,18,4,,0,104,,1539,18,4,,0,102,,1538,18,4,,0,100,,1536,18,4,,0,100,,1534,18,4,,0,195,,1535,18,4,,0,99,,1543,18,4,,0,99,,1545,18,4,,0,106,,1546,18,4,,0,101,,1547,18,4,,0
5200,'4332',1012,,1554,18,4,,0,101,,1560,18,4,,0,103,,1553,18,4,,0,101,,1557,18,4,,0,100,,1552,18,4,,0,100,,1556,18,4,,0,100,,1551,18,4,,0,99,,1558,18,4,,0,96,,1550,18,4,,0,100,,1559,18,4,,0,305,,1548,18,4,,0
5200,'4480',719,,1577,18,4,,0,123,,1578,18,4,,0,90,,1579,18,4,,0,113,,1573,18,4,,0,106,,1574,18,4,,0,153,,1575,18,4,,0,100,,1570,18,4,,0,115,,1571,18,4,,0,102,,1572,18,4,,0,103,,1568,18,4,,0,96,,1569,18,4,,0,100,,1566,18,4,,0,298,,1565,18,4,,0,129,,1563,18,4,,0
5301,'4327',828,,1636,23,4,,0,104,,1634,23,4,,0,100,,1633,23,4,,0,100,,1625,23,4,,0,101,,1626,23,4,,0,100,,1627,23,4,,0,100,,1628,23,4,,0,100,,1629,23,4,,0,100,,1631,23,4,,0,100,,1632,23,4,,0,100,,1630,23,4,,0,99,,1635,23,4,,0,100,,1637,23,4,,0
5301,'4332',827,,1652,23,4,,0,104,,1638,23,4,,0,106,,1647,23,4,,0,95,,1640,23,4,,0,101,,1648,23,4,,0,100,,1642,23,4,,0,100,,1644,23,4,,0,100,,1645,23,4,,0,100,,1646,23,4,,0,100,,1641,23,4,,0,95,,1649,23,4,,0,100,,1639,23,4,,0,109,,1650,23,4,,0,100,,1643,23,4,,0,109,,1651,23,4,,0
5301,'4480',601,,1653,23,4,,0,41,,1654,23,4,,0,106,,1656,23,4,,0,78,,1657,23,4,,0,21,,1658,23,4,,0,100,,1659,23,4,,0,101,,1660,23,4,,0,101,,1661,23,4,,0,100,,1662,23,4,,0,100,,1663,23,4,,0,107,,1664,23,4,,0,75,,1665,23,4,,0,24,,1666,23,4,,0,65,,1667,23,4,,0,30,,1668,23,4,,0,99,,1669,23,4,,0,94,,1670,23,4,,0,95,,1671,23,4,,0,109,,1672,23,4,,0,99,,1673,23,4,,0
5901,'4480',630,,1855,1,,,0,100,,1854,1,,,0
6601,'4327',645,,1957,1,,,0,80,,1956,1,,,0,75,,1955,1,,,0,35,,1949,1,,,0,70,,1939,1,,,0,30,,1940,1,,,0,75,,1948,1,,,0,35,,1941,1,,,0,75,,1954,1,,,0,85,,1960,1,,,0,43,,1942,1,,,0,82,,1959,1,,,0,85,,1943,1,,,0,85,,1944,1,,,0,45,,1958,1,,,0,73,,1953,1,,,0,30,,1938,1,,,0,70,,1945,1,,,0,30,,1952,1,,,0,171,,1950,1,,,0,97,,1951,1,,,0
6601,'4332',545,,1979,1,,,0,100,,1975,1,,,0,80,,1972,1,,,0,75,,1971,1,,,0,35,,1967,1,,,0,65,,1974,1,,,0,30,,1981,1,,,0,75,,1964,1,,,0,37,,1980,1,,,0,74,,1970,1,,,0,43,,1983,1,,,0,85,,1961,1,,,0,86,,1984,1,,,0,85,,1962,1,,,0,85,,1963,1,,,0,46,,1965,1,,,0,72,,1976,1,,,0,29,,1966,1,,,0,70,,1973,1,,,0,31,,1968,1,,,0,174,,1977,1,,,0,95,,1978,1,,,0
6601,'4480',440,,1985,1,,,0,60,,1986,1,,,0,20,,1987,1,,,0,20,,1988,1,,,0,60,,1991,1,,,0,23,,1992,1,,,0,35,,1993,1,,,0,78,,1994,1,,,0,80,,1990,1,,,0,106,,1989,1,,,0,99,,1997,1,,,0,93,,1998,1,,,0,29,,2017,1,,,0,99,,2019,1,,,0,96,,2014,1,,,0,65,,2000,1,,,0,34,,2002,1,,,0,17,,2003,1,,,0,82,,2005,1,,,0,67,,2006,1,,,0,50,,2008,1,,,0,66,,2009,1,,,0,105,,1999,1,,,0,31,,2011,1,,,0,71,,2012,1,,,0,95,,2013,1,,,0
7100,'4332',723,,2025,1,0,27 28,0,127,,2021,1,,,0,195,,2022,1,,,0,200,,2023,1,,,0,162,,2020,1,0,27 28,0,127,,2024,1,,,0,201,,2026,1,,,0,265,,2027,1,,,0,155,,2028,1,,,0
7100,'4480',515,,2032,1,0,27 28,0,110,,2031,1,,,0,95,,2029,1,,,0,100,,2033,1,,,0,100,,2030,1,,,0,320,,2034,1,,,0,175,,2037,1,,,0,27,,2035,1,0,27 28,0,78,,2036,1,,,0,100,,2038,1,,,0,110,,2039,1,,,0
7100,'4663',1935,,2040,1,,,0,195,,2041,1,,,0
7101,'4332',1029,,2043,31,4,,0,115,,2047,23,4,,0,85,,2042,31,4,,0,205,,2044,31,4,,0,280,,2045,31,4,,0,115,,2048,23,4,,0,86,,2046,31,4,,0,224,,2049,31,4,,0,193,,2050,31,4,,0
7101,'4480',711,,2052,31,4,,0,96,,2054,31,4,,0,103,,2053,31,4,,0,30,,2055,23,4,,0,70,,2056,31,4,,0,100,,2051,31,4,,0,316,,2057,31,4,,0,180,,2058,31,4,,0,100,,2059,31,4,,0,104,,2060,31,4,,0,110,,2061,31,4,,0
7101,'4663',2114,,2062,31,4,,0,193,,2063,31,4,,0
