300,'4327',637,,423,17,,,0,95,,424,17,,,0,89,,437,17,,,0,94,,426,17,,,0,90,,427,17,,,0,98,,428,17,,,0,55,,425,17,,,0,99,,429,17,,,0,101,,430,17,,,0,100,,431,17,,,0,100,,432,17,,,0,144,,433,17,,,0,98,,434,17,,,0,56,,435,17,,,0,100,,436,17,,,0
300,'4332',607,,462,17,,,0,50,,461,17,,,0,99,,463,17,,,0,89,,438,17,,,0,68,,439,17,,,0,40,,440,17,,,0,75,,442,17,,,0,30,,443,17,,,0,75,,444,17,,,0,75,,441,17,,,0,33,,445,17,,,0,80,,446,17,,,0,35,,447,17,,,0,75,,448,17,,,0,81,,449,17,,,0,35,,450,17,,,0,70,,451,17,,,0,36,,452,17,,,0,76,,453,17,,,0,75,,454,17,,,0,46,,455,17,,,0,75,,456,17,,,0,76,,457,17,,,0,50,,458,17,,,0,101,,459,17,,,0,100,,460,17,,,0
300,'4480',554,,465,17,,,0,71,,466,17,,,0,29,,467,17,,,0,74,,468,17,,,0,74,,469,17,,,0,35,,470,17,,,0,74,,471,17,,,0,35,,472,17,,,0,75,,473,17,,,0,35,,464,17,,,0,75,,474,17,,,0,74,,475,17,,,0,35,,476,17,,,0,75,,477,17,,,0,40,,478,17,,,0,72,,479,17,,,0,76,,480,17,,,0,40,,481,17,,,0,76,,482,17,,,0,34,,483,17,,,0,78,,484,17,,,0,76,,485,17,,,0,37,,487,17,,,0,75,,486,17,,,0,30,,488,17,,,0,101,,489,17,,,0,102,,490,17,,,0,103,,491,17,,,0
301,'4327',627,,495,29,,,0,101,,496,29,,,0,96,,498,29,,,0,91,,507,29,,,0,96,,493,29,,,0,90,,499,29,,,0,101,,500,29,,,0,56,,497,29,,,0,101,,501,29,,,0,141,,502,29,,,0,100,,503,29,,,0,58,,504,29,,,0,144,,505,29,,,0,56,,506,29,,,0,93,,492,29,,,0
301,'4332',602,,533,29,,,0,55,,532,29,,,0,92,,531,29,,,0,100,,534,29,,,0,92,,508,29,,,0,71,,509,29,,,0,40,,510,29,,,0,77,,511,29,,,0,30,,512,29,,,0,75,,513,29,,,0,75,,514,29,,,0,35,,515,29,,,0,80,,516,29,,,0,76,,517,29,,,0,35,,518,29,,,0,80,,519,29,,,0,35,,520,29,,,0,69,,521,29,,,0,35,,522,29,,,0,74,,523,29,,,0,74,,524,29,,,0,44,,525,29,,,0,75,,526,29,,,0,35,,527,29,,,0,88,,528,29,,,0,100,,529,29,,,0
301,'4480',600,,536,29,,,0,43,,537,29,,,0,76,,538,29,,,0,33,,539,29,,,0,75,,540,29,,,0,75,,541,29,,,0,35,,542,29,,,0,75,,543,29,,,0,35,,535,29,,,0,76,,544,29,,,0,36,,545,29,,,0,75,,546,29,,,0,75,,547,29,,,0,36,,548,29,,,0,76,,549,29,,,0,82,,550,29,,,0,33,,551,29,,,0,76,,552,29,,,0,41,,553,29,,,0,75,,554,29,,,0,72,,555,29,,,0,32,,556,29,,,0,75,,557,29,,,0,33,,558,29,,,0,75,,559,29,,,0,29,,560,29,,,0,100,,561,29,,,0,99,,562,29,,,0
601,'4327',546,,750,2,,,0,110,,751,2,,,0,145,,752,2,,,0,105,,753,2,,,0,45,,755,2,,,0,100,,756,2,,,0,90,,757,2,,,0,100,,754,2,,,0,100,,758,2,,,0,100,,759,2,,,0,100,,760,2,,,0,100,,761,2,,,0,105,,762,2,,,0,160,,763,2,,,0,110,,764,2,,,0
601,'4332',551,,767,2,,,0,100,,768,2,,,0,100,,766,2,,,0,95,,769,2,,,0,100,,770,2,,,0,100,,771,2,,,0,95,,772,2,,,0,100,,773,2,,,0,100,,774,2,,,0,100,,775,2,,,0,100,,776,2,,,0,100,,777,2,,,0,105,,778,2,,,0,105,,779,2,,,0,95,,780,2,,,0,110,,781,2,,,0,155,,782,2,,,0,110,,765,2,,,0
601,'4480',545,,793,2,,,0,78,,794,2,,,0,77,,796,2,,,0,36,,797,2,,,0,80,,798,2,,,0,85,,795,2,,,0,35,,799,2,,,0,115,,800,2,,,0,160,,801,2,,,0,125,,802,2,,,0,83,,803,2,,,0,87,,785,2,,,0,48,,786,2,,,0,82,,787,2,,,0,80,,789,2,,,0,85,,790,2,,,0,43,,791,2,,,0,102,,788,2,,,0,110,,792,2,,,0,155,,783,2,,,0,110,,784,2,,,0
2401,'4480',736,,990,2,0,5 6 7 8,0
3100,'4327',1009,,999,2,,,0,109,,993,2,,,0,109,,994,2,,,0,110,,995,2,,,0,115,,996,2,,,0,156,,998,2,,,0,110,,997,2,,,0
3100,'4332',903,,1003,2,,,0,105,,1007,2,,,0,109,,1001,2,,,0,110,,1000,2,,,0,109,,1002,2,,,0,115,,1004,2,,,0,155,,1006,2,,,0,111,,1005,2,,,0
3100,'4480',726,,1008,2,,,0,31,,1009,2,,,0,70,,1010,2,,,0,105,,1011,2,,,0,107,,1012,2,,,0,109,,1013,2,,,0,109,,1014,2,,,0,154,,1015,2,,,0,96,,1016,2,,,0,40,,1017,2,,,0,74,,1018,2,,,0,34,,1019,2,,,0,77,,1020,2,,,0,76,,1021,2,,,0
1003100,'4327',729,,2119,2,,,0,102,,2111,2,,,0,102,,2109,2,,,0,107,,2113,2,,,0,110,,2110,2,,,0,150,,2108,2,,,0,114,,2114,2,,,0,115,,2115,2,,,0,111,,2112,2,,,0,181,,2116,2,,,0,120,,2117,2,,,0,104,,2118,2,,,0
1003100,'4332',731,,2133,2,,,0,100,,2122,2,,,0,100,,2121,2,,,0,108,,2120,2,,,0,110,,2128,2,,,0,151,,2132,2,,,0,114,,2125,2,,,0,114,,2129,2,,,0,111,,2126,2,,,0,111,,2127,2,,,0,75,,2123,2,,,0,115,,2124,2,,,0,102,,2131,2,,,0,100,,2130,2,,,0
1003100,'4480',639,,2138,2,,,0,69,,2139,2,,,0,30,,2140,2,,,0,68,,2141,2,,,0,50,,2142,2,,,0,146,,2143,2,,,0,109,,2144,2,,,0,108,,2145,2,,,0,115,,2146,2,,,0,109,,2147,2,,,0,81,,2148,2,,,0,34,,2135,2,,,0,76,,2136,2,,,0,79,,2134,2,,,0,33,,2137,2,,,0,80,,2149,2,,,0,85,,2150,2,,,0,122,,2151,2,,,0,104,,2152,2,,,0,109,,2153,2,,,0
24003100,'4480',531,,2199,2,0,22 23 24 25,0,69,,2196,2,0,22 23 24 25,0,29,,2197,2,0,22 23 24 25,0,29,,2198,2,0,22 23 24 25,0
