100,'4327',616,,1,16,,,0,41,,2,16,,,0,80,,3,16,,,0,80,,4,16,,,0,40,,5,16,,,0,90,,6,16,,,0,87,,7,16,,,0,80,,8,16,,,0,44,,9,16,,,0,78,,22,16,,,0,80,,10,16,,,0,40,,11,16,,,0,81,,12,16,,,0,80,,13,16,,,0,40,,14,16,,,0,80,,15,16,,,0,79,,16,16,,,0,40,,17,16,,,0,80,,18,16,,,0,77,,19,16,,,0,39,,20,16,,,0,76,,21,16,,,0,85,,23,16,,,0,95,,24,16,,,0
100,'4332',610,,25,16,,,0,32,,26,16,,,0,70,,27,16,,,0,30,,28,16,,,0,75,,29,16,,,0,35,,30,16,,,0,77,,31,16,,,0,72,,33,16,,,0,36,,34,16,,,0,77,,32,16,,,0,31,,35,16,,,0,70,,36,16,,,0,30,,37,16,,,0,71,,38,16,,,0,30,,39,16,,,0,70,,40,16,,,0,30,,41,16,,,0,70,,42,16,,,0,30,,43,16,,,0,70,,44,16,,,0,30,,45,16,,,0,69,,46,16,,,0,24,,47,16,,,0,70,,48,16,,,0,30,,49,16,,,0,75,,50,16,,,0,34,,51,16,,,0,74,,52,16,,,0,35,,53,16,,,0,75,,54,16,,,0,75,,55,16,,,0,34,,56,16,,,0
100,'4480',526,,58,16,,,0,30,,59,16,,,0,72,,57,16,,,0,20,,61,16,,,0,62,,62,16,,,0,21,,60,16,,,0,15,,63,16,,,0,60,,64,16,,,0,17,,65,16,,,0,15,,66,16,,,0,15,,67,16,,,0,57,,69,16,,,0,18,,68,16,,,0,15,,70,16,,,0,60,,71,16,,,0,19,,72,16,,,0,20,,73,16,,,0,62,,74,16,,,0,22,,75,16,,,0,23,,76,16,,,0,67,,78,16,,,0,22,,77,16,,,0,62,,79,16,,,0,24,,80,16,,,0,23,,82,16,,,0,62,,81,16,,,0,23,,83,16,,,0,23,,84,16,,,0,64,,85,16,,,0,16,,86,16,,,0,14,,87,16,,,0,56,,88,16,,,0,14,,89,16,,,0,17,,90,16,,,0,14,,91,16,,,0,55,,92,16,,,0,14,,93,16,,,0,13,,94,16,,,0,14,,95,16,,,0,54,,96,16,,,0,17,,97,16,,,0,19,,98,16,,,0,20,,99,16,,,0,63,,100,16,,,0,23,,107,16,,,0,64,,101,16,,,0,24,,102,16,,,0,24,,103,16,,,0,65,,108,16,,,0,24,,104,16,,,0,68,,105,16,,,0,31,,106,16,,,0
200,'4327',619,,213,21,,,0,35,,214,21,,,0,81,,215,21,,,0,86,,216,21,,,0,80,,217,21,,,0,42,,218,21,,,0,82,,219,21,,,0,95,,220,21,,,0,89,,221,21,,,0,46,,222,21,,,0,81,,223,21,,,0,80,,224,21,,,0,40,,225,21,,,0,80,,226,21,,,0,80,,227,21,,,0,40,,228,21,,,0,79,,229,21,,,0,80,,230,21,,,0,39,,231,21,,,0,79,,232,21,,,0,80,,233,21,,,0,40,,235,21,,,0,78,,234,21,,,0
200,'4332',620,,236,21,,,0,35,,237,21,,,0,75,,238,21,,,0,71,,239,21,,,0,33,,240,21,,,0,71,,241,21,,,0,36,,242,21,,,0,84,,243,21,,,0,75,,244,21,,,0,33,,245,21,,,0,70,,247,21,,,0,30,,248,21,,,0,68,,249,21,,,0,30,,246,21,,,0,70,,250,21,,,0,30,,251,21,,,0,70,,252,21,,,0,29,,253,21,,,0,70,,254,21,,,0,30,,256,21,,,0,29,,257,21,,,0,70,,255,21,,,0,28,,258,21,,,0,67,,259,21,,,0,29,,260,21,,,0,76,,261,21,,,0,78,,262,21,,,0,35,,263,21,,,0,75,,264,21,,,0,34,,265,21,,,0,74,,266,21,,,0
200,'4480',545,,267,21,,,0,76,,268,21,,,0,27,,269,21,,,0,72,,270,21,,,0,17,,271,21,,,0,15,,272,21,,,0,69,,273,21,,,0,12,,274,21,,,0,15,,275,21,,,0,60,,276,21,,,0,20,,277,21,,,0,22,,278,21,,,0,61,,279,21,,,0,22,,280,21,,,0,22,,281,21,,,0,63,,282,21,,,0,22,,283,21,,,0,62,,284,21,,,0,23,,285,21,,,0,22,,286,21,,,0,61,,287,21,,,0,23,,288,21,,,0,26,,289,21,,,0,68,,290,21,,,0,25,,291,21,,,0,62,,292,21,,,0,16,,293,21,,,0,16,,294,21,,,0,56,,295,21,,,0,14,,296,21,,,0,15,,297,21,,,0,14,,298,21,,,0,15,,299,21,,,0,55,,300,21,,,0,15,,301,21,,,0,15,,302,21,,,0,15,,303,21,,,0,61,,304,21,,,0,15,,305,21,,,0,20,,306,21,,,0,59,,307,21,,,0,20,,308,21,,,0,19,,314,21,,,0,69,,309,21,,,0,24,,310,21,,,0,64,,311,21,,,0,24,,315,21,,,0,23,,312,21,,,0,70,,313,21,,,0
1701,'4480',648,,919,33,,,0,75,,920,33,,,0,96,,921,33,,,0,726,,915,33,,,0,85,,916,33,,,0,85,,917,33,,,0,41,,918,33,,,0,83,,914,33,,,0
2100,'4327',854,,929,24,,,0,100,,930,24,,,0,173,,922,24,,,0,131,,924,24,,,0,170,,923,24,,,0,177,,925,24,,,0,128,,926,24,,,0,168,,927,24,,,0,130,,928,24,,,0
2100,'4332',816,,938,24,,,0,132,,940,24,,,0,180,,939,24,,,0,182,,934,24,,,0,117,,935,24,,,0,104,,936,24,,,0,99,,937,24,,,0,100,,932,24,,,0,173,,933,24,,,0,133,,931,24,,,0
2100,'4480',652,,952,24,,,0,87,,948,24,,,0,84,,949,24,,,0,91,,950,24,,,0,45,,951,24,,,0,78,,953,24,,,0,95,,947,24,,,0,168,,945,24,,,0,129,,946,24,,,0,286,,944,24,,,0,44,,942,24,,,0,143,,943,24,,,0,120,,941,24,,,0
2400,'4480',1444,,989,12,0,5 6 7 8,0
1002100,'4480',1542,,2105,29,,,0,75,,2106,29,,,0
