301,'4327',624,,495,25,,,0,101,,496,25,,,0,95,,498,25,,,0,91,,507,25,,,0,96,,493,25,,,0,50,,499,25,,,0,101,,500,25,,,0,96,,497,25,,,0,101,,501,25,,,0,101,,502,25,,,0,100,,503,25,,,0,98,,504,25,,,0,104,,505,25,,,0,96,,506,25,,,0,93,,492,25,,,0
301,'4332',559,,533,25,,,0,95,,532,25,,,0,91,,531,25,,,0,100,,534,25,,,0,92,,508,25,,,0,71,,509,25,,,0,40,,510,25,,,0,77,,511,25,,,0,30,,512,25,,,0,75,,513,25,,,0,75,,514,25,,,0,35,,515,25,,,0,80,,516,25,,,0,36,,517,25,,,0,75,,518,25,,,0,80,,519,25,,,0,35,,520,25,,,0,69,,521,25,,,0,35,,522,25,,,0,74,,523,25,,,0,34,,524,25,,,0,84,,525,25,,,0,75,,526,25,,,0,35,,527,25,,,0,89,,528,25,,,0,100,,529,25,,,0
301,'4480',557,,536,25,,,0,83,,537,25,,,0,76,,538,25,,,0,32,,539,25,,,0,75,,540,25,,,0,35,,541,25,,,0,75,,542,25,,,0,75,,543,25,,,0,35,,535,25,,,0,76,,544,25,,,0,36,,545,25,,,0,75,,546,25,,,0,75,,547,25,,,0,36,,548,25,,,0,75,,549,25,,,0,41,,550,25,,,0,75,,551,25,,,0,76,,552,25,,,0,40,,553,25,,,0,76,,554,25,,,0,32,,555,25,,,0,72,,556,25,,,0,75,,557,25,,,0,33,,558,25,,,0,75,,559,25,,,0,30,,560,25,,,0,100,,561,25,,,0,99,,562,25,,,0
2400,'4480',1513,,989,22,0,5 6 7 8,0
3101,'4327',817,,1028,16,,,0,209,,1025,16,,,0,220,,1022,16,,,0,110,,1026,16,,,0,154,,1024,16,,,0,115,,1027,16,,,0,109,,1023,16,,,0
3101,'4332',817,,1032,16,,,0,104,,1031,16,,,0,103,,1029,16,,,0,112,,1036,16,,,0,110,,1037,16,,,0,110,,1030,16,,,0,156,,1035,16,,,0,115,,1033,16,,,0,109,,1034,16,,,0,108,,1038,16,,,0
3101,'4480',644,,1039,16,,,0,83,,1040,16,,,0,32,,1042,16,,,0,73,,1043,16,,,0,72,,1041,16,,,0,46,,1045,16,,,0,106,,1046,16,,,0,151,,1047,16,,,0,110,,1044,16,,,0,116,,1048,16,,,0,117,,1049,16,,,0,79,,1051,16,,,0,75,,1052,16,,,0,36,,1053,16,,,0,72,,1050,16,,,0,30,,1054,16,,,0,58,,1055,16,,,0
1003101,'4327',922,,2161,19,,,0,215,,2160,19,,,0,75,,2154,19,,,0,110,,2156,19,,,0,110,,2157,19,,,0,114,,2158,19,,,0,155,,2159,19,,,0,110,,2155,19,,,0,109,,2162,19,,,0,115,,2163,19,,,0,98,,2164,19,,,0
1003101,'4332',851,,2170,19,,,0,105,,2176,19,,,0,146,,2165,19,,,0,111,,2166,19,,,0,110,,2167,19,,,0,111,,2169,19,,,0,115,,2174,19,,,0,154,,2172,19,,,0,109,,2171,19,,,0,109,,2168,19,,,0,115,,2173,19,,,0,100,,2175,19,,,0
1003101,'4480',714,,2177,19,,,0,32,,2178,19,,,0,73,,2179,19,,,0,32,,2180,19,,,0,72,,2181,19,,,0,101,,2182,19,,,0,110,,2183,19,,,0,110,,2184,19,,,0,110,,2185,19,,,0,158,,2186,19,,,0,100,,2187,19,,,0,38,,2188,19,,,0,74,,2189,19,,,0,34,,2190,19,,,0,70,,2191,19,,,0,91,,2192,19,,,0,90,,2193,19,,,0,121,,2194,19,,,0,108,,2195,19,,,0
