300,'4327',641,,423,24,,,0,95,,424,24,,,0,89,,437,24,,,0,94,,426,24,,,0,90,,427,24,,,0,99,,428,24,,,0,95,,425,24,,,0,99,,429,24,,,0,101,,430,24,,,0,100,,431,24,,,0,100,,432,24,,,0,104,,433,24,,,0,97,,434,24,,,0,96,,435,24,,,0,100,,436,24,,,0
300,'4332',611,,462,24,,,0,90,,461,24,,,0,99,,463,24,,,0,49,,438,24,,,0,69,,439,24,,,0,40,,440,24,,,0,75,,442,24,,,0,70,,443,24,,,0,35,,444,24,,,0,75,,441,24,,,0,34,,445,24,,,0,80,,446,24,,,0,75,,447,24,,,0,35,,448,24,,,0,81,,449,24,,,0,35,,450,24,,,0,70,,451,24,,,0,35,,452,24,,,0,76,,453,24,,,0,75,,454,24,,,0,46,,455,24,,,0,75,,456,24,,,0,75,,457,24,,,0,50,,458,24,,,0,101,,459,24,,,0,100,,460,24,,,0
300,'4480',558,,465,24,,,0,71,,466,24,,,0,29,,467,24,,,0,75,,468,24,,,0,74,,469,24,,,0,35,,470,24,,,0,75,,471,24,,,0,35,,472,24,,,0,75,,473,24,,,0,75,,464,24,,,0,35,,474,24,,,0,74,,475,24,,,0,35,,476,24,,,0,75,,477,24,,,0,80,,478,24,,,0,33,,479,24,,,0,76,,480,24,,,0,40,,481,24,,,0,76,,482,24,,,0,74,,483,24,,,0,37,,484,24,,,0,76,,485,24,,,0,36,,487,24,,,0,75,,486,24,,,0,30,,488,24,,,0,101,,489,24,,,0,101,,490,24,,,0,103,,491,24,,,0
3100,'4327',1013,,999,9,,,0,109,,993,9,,,0,109,,994,9,,,0,110,,995,9,,,0,115,,996,9,,,0,156,,998,9,,,0,110,,997,9,,,0
3100,'4332',907,,1003,9,,,0,105,,1007,9,,,0,109,,1001,9,,,0,110,,1000,9,,,0,109,,1002,9,,,0,115,,1004,9,,,0,155,,1006,9,,,0,111,,1005,9,,,0
3100,'4480',730,,1008,9,,,0,71,,1009,9,,,0,30,,1010,9,,,0,105,,1011,9,,,0,107,,1012,9,,,0,109,,1013,9,,,0,149,,1014,9,,,0,114,,1015,9,,,0,97,,1016,9,,,0,39,,1017,9,,,0,74,,1018,9,,,0,34,,1019,9,,,0,77,,1020,9,,,0,76,,1021,9,,,0
1003100,'4327',733,,2119,9,,,0,102,,2111,9,,,0,102,,2109,9,,,0,107,,2113,9,,,0,110,,2110,9,,,0,150,,2108,9,,,0,114,,2114,9,,,0,115,,2115,9,,,0,111,,2112,9,,,0,181,,2116,9,,,0,120,,2117,9,,,0,104,,2118,9,,,0
1003100,'4332',734,,2133,9,,,0,101,,2122,9,,,0,100,,2121,9,,,0,108,,2120,9,,,0,110,,2128,9,,,0,151,,2132,9,,,0,114,,2125,9,,,0,114,,2129,9,,,0,111,,2126,9,,,0,111,,2127,9,,,0,75,,2123,9,,,0,115,,2124,9,,,0,102,,2131,9,,,0,99,,2130,9,,,0
1003100,'4480',643,,2138,9,,,0,69,,2139,9,,,0,30,,2140,9,,,0,68,,2141,9,,,0,90,,2142,9,,,0,106,,2143,9,,,0,109,,2144,9,,,0,108,,2145,9,,,0,115,,2146,9,,,0,110,,2147,9,,,0,80,,2148,9,,,0,74,,2135,9,,,0,36,,2136,9,,,0,79,,2134,9,,,0,33,,2137,9,,,0,80,,2149,9,,,0,85,,2150,9,,,0,122,,2151,9,,,0,104,,2152,9,,,0,108,,2153,9,,,0
24003100,'4480',534,,2199,9,0,22 23 24 25,0,69,,2196,9,0,22 23 24 25,0,30,,2197,9,0,22 23 24 25,0,69,,2198,9,0,22 23 24 25,0
