3100,'4327',1025,,999,14,,,0,109,,993,14,,,0,110,,994,14,,,0,110,,995,14,,,0,155,,996,14,,,0,115,,998,14,,,0,110,,997,14,,,0
3100,'4332',919,,1003,14,,,0,105,,1007,14,,,0,110,,1001,14,,,0,110,,1000,14,,,0,110,,1002,14,,,0,155,,1004,14,,,0,115,,1006,14,,,0,110,,1005,14,,,0
3100,'4480',742,,1008,14,,,0,72,,1009,14,,,0,31,,1010,14,,,0,103,,1011,14,,,0,108,,1012,14,,,0,150,,1013,14,,,0,110,,1014,14,,,0,114,,1015,14,,,0,98,,1016,14,,,0,78,,1017,14,,,0,34,,1018,14,,,0,75,,1019,14,,,0,35,,1020,14,,,0,75,,1021,14,,,0
3101,'4327',802,,1028,6,,,0,208,,1025,6,,,0,219,,1022,6,,,0,110,,1026,6,,,0,114,,1024,6,,,0,155,,1027,6,,,0,110,,1023,6,,,0
3101,'4332',802,,1032,6,,,0,104,,1031,6,,,0,102,,1029,6,,,0,111,,1036,6,,,0,110,,1037,6,,,0,110,,1030,6,,,0,115,,1035,6,,,0,155,,1033,6,,,0,110,,1034,6,,,0,109,,1038,6,,,0
3101,'4480',628,,1039,6,,,0,84,,1040,6,,,0,30,,1042,6,,,0,72,,1043,6,,,0,32,,1041,6,,,0,87,,1045,6,,,0,106,,1046,6,,,0,110,,1047,6,,,0,110,,1044,6,,,0,156,,1048,6,,,0,115,,1049,6,,,0,80,,1051,6,,,0,36,,1052,6,,,0,76,,1053,6,,,0,32,,1050,6,,,0,71,,1054,6,,,0,18,,1055,6,,,0
3900,'4327',852,,1274,4,0,44 45,0,161,,1277,4,0,44 45,0,105,,1272,4,0,44 45,0,135,,1271,4,0,44 45,0,150,,1275,4,0,44 45,0,130,,1273,4,0,44 45,0,104,,1278,4,0,44 45,0,115,,1276,4,0,44 45,0
3900,'4332',855,,1280,4,0,44 45,0,160,,1281,4,0,44 45,0,106,,1279,4,0,44 45,0,135,,1282,4,0,44 45,0,150,,1284,4,0,44 45,0,130,,1283,4,0,44 45,0,104,,1286,4,0,44 45,0,115,,1285,4,0,44 45,0
3900,'4480',858,,1295,4,0,44 45,0,149,,1289,4,0,44 45,0,108,,1290,4,0,44 45,0,185,,1291,4,0,44 45,0,120,,1293,4,0,44 45,0,190,,1294,4,0,44 45,0,110,,1287,4,0,44 45,0,130,,1288,4,0,44 45,0
1003100,'4327',747,,2119,17,,,0,102,,2111,17,,,0,103,,2109,17,,,0,107,,2113,17,,,0,150,,2110,17,,,0,110,,2108,17,,,0,115,,2114,17,,,0,115,,2115,17,,,0,110,,2112,17,,,0,181,,2116,17,,,0,160,,2117,17,,,0,103,,2118,17,,,0
1003100,'4332',748,,2133,17,,,0,101,,2122,17,,,0,100,,2121,17,,,0,110,,2120,17,,,0,150,,2128,17,,,0,110,,2132,17,,,0,115,,2125,17,,,0,115,,2129,17,,,0,110,,2126,17,,,0,150,,2127,17,,,0,35,,2123,17,,,0,115,,2124,17,,,0,141,,2131,17,,,0,59,,2130,17,,,0
1003100,'4480',658,,2138,17,,,0,69,,2139,17,,,0,31,,2140,17,,,0,70,,2141,17,,,0,88,,2142,17,,,0,105,,2143,17,,,0,110,,2144,17,,,0,110,,2145,17,,,0,115,,2146,17,,,0,152,,2147,17,,,0,40,,2148,17,,,0,74,,2135,17,,,0,36,,2136,17,,,0,76,,2134,17,,,0,72,,2137,17,,,0,39,,2149,17,,,0,85,,2150,17,,,0,122,,2151,17,,,0,103,,2152,17,,,0,148,,2153,17,,,0
1003101,'4327',905,,2161,6,,,0,214,,2160,6,,,0,35,,2154,6,,,0,150,,2156,6,,,0,110,,2157,6,,,0,114,,2158,6,,,0,115,,2159,6,,,0,110,,2155,6,,,0,149,,2162,6,,,0,115,,2163,6,,,0,100,,2164,6,,,0
1003101,'4332',833,,2170,6,,,0,105,,2176,6,,,0,105,,2165,6,,,0,111,,2166,6,,,0,150,,2167,6,,,0,110,,2169,6,,,0,115,,2174,6,,,0,115,,2172,6,,,0,109,,2171,6,,,0,150,,2168,6,,,0,115,,2173,6,,,0,100,,2175,6,,,0
1003101,'4480',657,,2177,6,,,0,70,,2178,6,,,0,31,,2179,6,,,0,72,,2180,6,,,0,73,,2181,6,,,0,103,,2182,6,,,0,108,,2183,6,,,0,110,,2184,6,,,0,110,,2185,6,,,0,116,,2186,6,,,0,100,,2187,6,,,0,78,,2188,6,,,0,75,,2189,6,,,0,34,,2190,6,,,0,72,,2191,6,,,0,91,,2192,6,,,0,50,,2193,6,,,0,163,,2194,6,,,0,109,,2195,6,,,0
