3101,'4327',756,,1028,3,,,0,247,,1025,3,,,0,218,,1022,3,,,0,110,,1026,3,,,0,115,,1024,3,,,0,155,,1027,3,,,0,110,,1023,3,,,0
3101,'4332',756,,1032,3,,,0,103,,1031,3,,,0,142,,1029,3,,,0,110,,1036,3,,,0,110,,1037,3,,,0,110,,1030,3,,,0,115,,1035,3,,,0,155,,1033,3,,,0,110,,1034,3,,,0,110,,1038,3,,,0
3101,'4480',621,,1039,3,,,0,85,,1040,3,,,0,30,,1042,3,,,0,71,,1043,3,,,0,32,,1041,3,,,0,87,,1045,3,,,0,105,,1046,3,,,0,110,,1047,3,,,0,110,,1044,3,,,0,155,,1048,3,,,0,115,,1049,3,,,0,80,,1051,3,,,0,36,,1052,3,,,0,76,,1053,3,,,0,34,,1050,3,,,0,71,,1054,3,,,0,18,,1055,3,,,0
3201,'4327',756,,1070,3,0,42 43,0,103,,1069,3,0,42 43,0,144,,1064,3,0,42 43,0,33,,1071,3,0,42 43,0,75,,1058,3,0,42 43,0,35,,1057,3,0,42 43,0,75,,1065,3,0,42 43,0,35,,1056,3,0,42 43,0,75,,1066,3,0,42 43,0,75,,1061,3,0,42 43,0,40,,1067,3,0,42 43,0,75,,1062,3,0,42 43,0,80,,1063,3,0,42 43,0,35,,1060,3,0,42 43,0,75,,1068,3,0,42 43,0,35,,1059,3,0,42 43,0,110,,1072,3,0,42 43,0,155,,1073,3,0,42 43,0
3201,'4332',756,,1085,3,0,42 43,0,70,,1076,3,0,42 43,0,33,,1096,3,0,42 43,0,72,,1074,3,0,42 43,0,70,,1077,3,0,42 43,0,35,,1082,3,0,42 43,0,75,,1075,3,0,42 43,0,35,,1094,3,0,42 43,0,75,,1079,3,0,42 43,0,35,,1078,3,0,42 43,0,75,,1083,3,0,42 43,0,75,,1080,3,0,42 43,0,40,,1095,3,0,42 43,0,75,,1084,3,0,42 43,0,80,,1081,3,0,42 43,0,35,,1090,3,0,42 43,0,75,,1086,3,0,42 43,0,35,,1097,3,0,42 43,0,75,,1087,3,0,42 43,0,35,,1089,3,0,42 43,0,85,,1088,3,0,42 43,0,70,,1092,3,0,42 43,0,30,,1091,3,0,42 43,0,170,,1093,3,0,42 43,0
3201,'4480',551,,1099,3,0,42 43,0,70,,1100,3,0,42 43,0,30,,1101,3,0,42 43,0,70,,1098,3,0,42 43,0,30,,1102,3,0,42 43,0,72,,1103,3,0,42 43,0,33,,1104,3,0,42 43,0,70,,1105,3,0,42 43,0,32,,1106,3,0,42 43,0,73,,1107,3,0,42 43,0,75,,1108,3,0,42 43,0,35,,1109,3,0,42 43,0,75,,1110,3,0,42 43,0,35,,1111,3,0,42 43,0,75,,1112,3,0,42 43,0,80,,1113,3,0,42 43,0,37,,1114,3,0,42 43,0,79,,1115,3,0,42 43,0,80,,1116,3,0,42 43,0,35,,1117,3,0,42 43,0,77,,1118,3,0,42 43,0,32,,1119,3,0,42 43,0,72,,1120,3,0,42 43,0,38,,1121,3,0,42 43,0,87,,1122,3,0,42 43,0,68,,1123,3,0,42 43,0,95,,1124,3,0,42 43,0,105,,1125,3,0,42 43,0
3501,'4327',842,,1254,7,,,0,395,,1253,7,,,0,280,,1257,7,,,0,225,,1255,7,,,0,160,,1256,7,,,0
3501,'4332',841,,1259,7,,,0,395,,1262,7,,,0,280,,1258,7,,,0,225,,1260,7,,,0,160,,1261,7,,,0
3501,'4480',713,,1267,7,,,0,28,,1268,7,,,0,65,,1269,7,,,0,34,,1270,7,,,0,396,,1265,7,,,0,302,,1266,7,,,0,298,,1264,7,,,0,120,,1263,7,,,0
3900,'4327',928,,1274,32,0,44 45,0,121,,1277,32,0,44 45,0,105,,1272,32,0,44 45,0,175,,1271,32,0,44 45,0,110,,1275,32,0,44 45,0,170,,1273,32,0,44 45,0,104,,1278,32,0,44 45,0,115,,1276,32,0,44 45,0
3900,'4332',933,,1280,32,0,44 45,0,120,,1281,32,0,44 45,0,106,,1279,32,0,44 45,0,175,,1282,32,0,44 45,0,110,,1284,32,0,44 45,0,170,,1283,32,0,44 45,0,104,,1286,32,0,44 45,0,114,,1285,32,0,44 45,0
3900,'4480',627,,1292,3,0,46 47 21,0,319,,1295,33,0,44 45,0,98,,1289,32,0,44 45,0,159,,1290,33,0,44 45,0,135,,1291,32,0,44 45,0,170,,1293,33,0,44 45,0,150,,1294,33,0,44 45,0,150,,1287,33,0,44 45,0,119,,1288,32,0,44 45,0
1003101,'4327',859,,2161,3,,,0,252,,2160,3,,,0,35,,2154,3,,,0,110,,2156,3,,,0,150,,2157,3,,,0,115,,2158,3,,,0,115,,2159,3,,,0,110,,2155,3,,,0,110,,2162,3,,,0,155,,2163,3,,,0,100,,2164,3,,,0
1003101,'4332',826,,2170,3,,,0,105,,2176,3,,,0,105,,2165,3,,,0,110,,2166,3,,,0,110,,2167,3,,,0,150,,2169,3,,,0,115,,2174,3,,,0,115,,2172,3,,,0,110,,2171,3,,,0,110,,2168,3,,,0,155,,2173,3,,,0,100,,2175,3,,,0
1003101,'4480',651,,2177,3,,,0,70,,2178,3,,,0,30,,2179,3,,,0,72,,2180,3,,,0,33,,2181,3,,,0,102,,2182,3,,,0,148,,2183,3,,,0,110,,2184,3,,,0,110,,2185,3,,,0,115,,2186,3,,,0,100,,2187,3,,,0,78,,2188,3,,,0,35,,2189,3,,,0,75,,2190,3,,,0,73,,2191,3,,,0,51,,2192,3,,,0,90,,2193,3,,,0,163,,2194,3,,,0,110,,2195,3,,,0
