5200,'4327',755,,1544,1,,,0,99,,1542,1,,,0,98,,1541,1,,,0,103,,1540,1,,,0,103,,1539,1,,,0,101,,1538,1,,,0,100,,1536,1,,,0,100,,1534,1,,,0,97,,1537,1,,,0,99,,1535,1,,,0,100,,1543,1,,,0,99,,1545,1,,,0,148,,1546,1,,,0,101,,1547,1,,,0
5200,'4332',755,,1562,1,,,0,99,,1561,1,,,0,103,,1554,1,,,0,101,,1560,1,,,0,142,,1553,1,,,0,100,,1557,1,,,0,100,,1552,1,,,0,100,,1556,1,,,0,100,,1551,1,,,0,59,,1558,1,,,0,98,,1550,1,,,0,100,,1559,1,,,0,99,,1549,1,,,0,99,,1555,1,,,0,149,,1548,1,,,0
5200,'4480',605,,1576,1,,,0,100,,1577,1,,,0,123,,1578,1,,,0,90,,1579,1,,,0,112,,1573,1,,,0,105,,1574,1,,,0,112,,1575,1,,,0,100,,1570,1,,,0,153,,1571,1,,,0,103,,1572,1,,,0,104,,1568,1,,,0,97,,1569,1,,,0,101,,1566,1,,,0,95,,1567,1,,,0,105,,1564,1,,,0,100,,1565,1,,,0,130,,1563,1,,,0
5201,'4327',848,,1590,18,4,,0,100,,1588,18,4,,0,100,,1581,18,4,,0,100,,1580,18,4,,0,100,,1583,18,4,,0,100,,1584,18,4,,0,100,,1582,18,4,,0,100,,1585,18,4,,0,100,,1586,18,4,,0,100,,1587,18,4,,0,110,,1589,18,4,,0,99,,1591,18,4,,0,90,,1592,18,4,,0
5201,'4332',748,,1607,18,4,,0,100,,1600,18,4,,0,100,,1606,18,4,,0,100,,1599,18,4,,0,99,,1603,18,4,,0,100,,1597,18,4,,0,100,,1604,18,4,,0,100,,1596,18,4,,0,100,,1605,18,4,,0,100,,1595,18,4,,0,100,,1602,18,4,,0,101,,1594,18,4,,0,100,,1601,18,4,,0,110,,1598,18,4,,0,169,,1593,18,4,,0,174,,1608,18,4,,0
5201,'4480',705,,1615,18,4,,0,97,,1616,18,4,,0,115,,1617,18,4,,0,105,,1618,18,4,,0,110,,1619,18,4,,0,99,,1620,18,4,,0,105,,1621,18,4,,0,100,,1622,18,4,,0,110,,1623,18,4,,0,100,,1624,18,4,,0,106,,1610,18,4,,0,95,,1611,18,4,,0,109,,1612,18,4,,0,102,,1613,18,4,,0,169,,1614,18,4,,0,173,,1609,18,4,,0
5401,'4327',849,,1683,48,4,,0,1,,1684,1,0,31,0,97,,1684,77,4,,0,3,,1682,1,0,31,0,100,,1682,77,4,,0,100,,1676,1,0,31,0,3,,1675,77,4,,0,97,,1677,1,0,31,0,4,,1676,77,4,,0,96,,1678,1,0,31,0,4,,1677,77,4,,0,96,,1680,1,0,31,0,4,,1678,77,4,,0,96,,1674,1,0,31,0,1,,1680,77,4,,0,99,,1679,1,0,31,0,100,,1679,77,4,,0,99,,1681,77,4,,0,51,,1685,1,0,31,0,57,,1685,77,4,,0,43,,1686,1,0,31,0,57,,1686,77,4,,0
5401,'4332',750,,1703,48,4,,0,99,,1702,77,4,,0,1,,1694,1,0,31,0,100,,1700,1,0,31,0,2,,1694,77,4,,0,98,,1693,1,0,31,0,3,,1700,77,4,,0,97,,1699,1,0,31,0,5,,1693,77,4,,0,95,,1691,1,0,31,0,5,,1699,77,4,,0,95,,1698,1,0,31,0,5,,1691,77,4,,0,95,,1690,1,0,31,0,5,,1698,77,4,,0,95,,1697,1,0,31,0,5,,1690,77,4,,0,95,,1689,1,0,31,0,4,,1697,77,4,,0,96,,1696,1,0,31,0,2,,1689,77,4,,0,98,,1688,1,0,31,0,2,,1696,77,4,,0,98,,1695,1,0,31,0,1,,1688,77,4,,0,99,,1695,77,4,,0,50,,1687,1,0,31,0,59,,1687,77,4,,0,74,,1692,1,0,31,0,98,,1692,77,4,,0,5,,1701,1,0,31,0
5401,'4480',602,,1704,48,4,,0,3,,1706,1,0,31,0,97,,1706,77,4,,0,6,,1707,1,0,31,0,97,,1708,1,0,31,0,18,,1707,77,4,,0,87,,1708,77,4,,0,10,,1709,1,0,31,0,102,,1709,77,4,,0,3,,1710,1,0,31,0,103,,1710,77,4,,0,7,,1711,1,0,31,0,100,,1705,1,0,31,0,4,,1711,77,4,,0,101,,1705,77,4,,0,105,,1713,1,0,31,0,8,,1712,77,4,,0,97,,1714,1,0,31,0,9,,1713,77,4,,0,91,,1715,1,0,31,0,8,,1714,77,4,,0,97,,1716,1,0,31,0,95,,1717,1,0,31,0,8,,1716,77,4,,0,94,,1717,77,4,,0,48,,1718,1,0,31,0,100,,1718,77,4,,0,3,,1719,1,0,31,0,55,,1719,77,4,,0,75,,1720,1,0,31,0,94,,1720,77,4,,0
5700,'4327',820,,1737,1,,,0,120,,1734,1,,,0,100,,1728,1,,,0,100,,1736,1,,,0,100,,1729,1,,,0,100,,1730,1,,,0,100,,1731,1,,,0,100,,1735,1,,,0,100,,1732,1,,,0,100,,1733,1,,,0,100,,1738,1,,,0,95,,1739,1,,,0
5700,'4332',820,,1752,1,,,0,120,,1748,1,,,0,100,,1744,1,,,0,100,,1750,1,,,0,100,,1746,1,,,0,100,,1747,1,,,0,100,,1742,1,,,0,100,,1751,1,,,0,100,,1749,1,,,0,100,,1743,1,,,0,100,,1745,1,,,0,170,,1740,1,,,0,130,,1741,1,,,0,100,,1753,1,,,0
5700,'4480',600,,1760,1,,,0,55,,1761,1,,,0,145,,1762,1,,,0,100,,1763,1,,,0,53,,1764,1,,,0,100,,1765,1,,,0,102,,1766,1,,,0,100,,1767,1,,,0,100,,1768,1,,,0,147,,1769,1,,,0,98,,1756,1,,,0,56,,1757,1,,,0,96,,1758,1,,,0,98,,1759,1,,,0,160,,1755,1,,,0,130,,1754,1,,,0
5701,'4327',912,,1779,27,4,,0,100,,1775,27,4,,0,100,,1777,27,4,,0,100,,1770,27,4,,0,98,,1771,27,4,,0,100,,1772,27,4,,0,100,,1778,27,4,,0,100,,1773,27,4,,0,101,,1774,27,4,,0,100,,1776,27,4,,0,94,,1780,27,4,,0,100,,1781,27,4,,0
5701,'4332',911,,1793,27,4,,0,100,,1786,27,4,,0,98,,1792,27,4,,0,100,,1789,27,4,,0,100,,1788,27,4,,0,100,,1783,27,4,,0,100,,1791,27,4,,0,100,,1790,27,4,,0,101,,1787,27,4,,0,102,,1782,27,4,,0,130,,1784,27,4,,0,170,,1785,27,4,,0,100,,1794,27,4,,0
5701,'4480',627,,1805,27,4,,0,130,,1806,27,4,,0,93,,1807,27,4,,0,72,,1808,27,4,,0,100,,1809,27,4,,0,100,,1798,27,4,,0,100,,1799,27,4,,0,100,,1800,27,4,,0,101,,1801,27,4,,0,104,,1802,27,4,,0,96,,1803,27,4,,0,99,,1804,27,4,,0,99,,1795,27,4,,0,121,,1796,27,4,,0,170,,1797,27,4,,0
5801,'4327',755,,1820,1,0,40 41,0,62,,1820,31,4,,0,97,,1816,1,0,40 41,0,23,,1816,31,4,,0,77,,1810,1,0,40 41,0,23,,1810,31,4,,0,77,,1818,1,0,40 41,0,23,,1818,31,4,,0,77,,1811,1,0,40 41,0,23,,1811,31,4,,0,75,,1812,1,0,40 41,0,25,,1812,31,4,,0,75,,1813,1,0,40 41,0,25,,1813,31,4,,0,75,,1819,1,0,40 41,0,25,,1819,31,4,,0,75,,1814,1,0,40 41,0,25,,1814,31,4,,0,76,,1815,1,0,40 41,0,24,,1815,31,4,,0,76,,1817,1,0,40 41,0,24,,1817,31,4,,0,73,,1821,1,0,40 41,0,22,,1821,31,4,,0,78,,1822,1,0,40 41,0,22,,1822,31,4,,0
5801,'4332',755,,1835,1,0,40 41,0,62,,1835,31,4,,0,96,,1831,1,0,40 41,0,24,,1831,31,4,,0,76,,1830,1,0,40 41,0,24,,1830,31,4,,0,75,,1834,1,0,40 41,0,25,,1834,31,4,,0,75,,1826,1,0,40 41,0,25,,1826,31,4,,0,75,,1825,1,0,40 41,0,25,,1825,31,4,,0,75,,1829,1,0,40 41,0,25,,1829,31,4,,0,75,,1833,1,0,40 41,0,25,,1833,31,4,,0,75,,1832,1,0,40 41,0,25,,1832,31,4,,0,75,,1828,1,0,40 41,0,25,,1828,31,4,,0,77,,1824,1,0,40 41,0,23,,1824,31,4,,0,107,,1823,1,0,40 41,0,63,,1823,31,4,,0,107,,1827,1,0,40 41,0,23,,1827,31,4,,0,77,,1836,1,0,40 41,0,23,,1836,31,4,,0
5801,'4480',558,,1851,20,4,,0,72,,1847,1,0,40 41,0,23,,1847,31,4,,0,147,,1848,1,0,40 41,0,29,,1848,31,4,,0,96,,1849,1,0,40 41,0,25,,1849,31,4,,0,75,,1850,1,0,40 41,0,25,,1850,31,4,,0,75,,1840,1,0,40 41,0,27,,1840,31,4,,0,73,,1841,1,0,40 41,0,27,,1841,31,4,,0,73,,1842,1,0,40 41,0,27,,1842,31,4,,0,74,,1843,1,0,40 41,0,31,,1843,31,4,,0,73,,1844,1,0,40 41,0,27,,1844,31,4,,0,69,,1845,1,0,40 41,0,27,,1845,31,4,,0,72,,1846,1,0,40 41,0,25,,1846,31,4,,0,74,,1838,1,0,40 41,0,24,,1838,31,4,,0,97,,1839,1,0,40 41,0,63,,1839,31,4,,0,107,,1837,1,0,40 41,0,23,,1837,31,4,,0
5900,'4480',1610,,1852,1,,,0,17,,1852,15,,,0,78,,1853,1,,,0,17,,1853,15,,,0
5901,'4480',639,,1855,8,,,0,15,,1855,22,4,,0,85,,1854,8,,,0,15,,1854,22,4,,0
