100,'4327',604,,1,1,,,0,40,,2,1,,,0,80,,3,1,,,0,80,,4,1,,,0,40,,5,1,,,0,88,,6,1,,,0,87,,7,1,,,0,40,,8,1,,,0,83,,9,1,,,0,78,,22,1,,,0,80,,10,1,,,0,40,,11,1,,,0,80,,12,1,,,0,80,,13,1,,,0,40,,14,1,,,0,80,,15,1,,,0,80,,16,1,,,0,40,,17,1,,,0,80,,18,1,,,0,38,,19,1,,,0,79,,20,1,,,0,77,,21,1,,,0,86,,23,1,,,0,55,,24,1,,,0
100,'4332',559,,25,1,,,0,70,,26,1,,,0,30,,27,1,,,0,70,,28,1,,,0,75,,29,1,,,0,35,,30,1,,,0,75,,31,1,,,0,32,,33,1,,,0,76,,34,1,,,0,37,,32,1,,,0,70,,35,1,,,0,30,,36,1,,,0,70,,37,1,,,0,30,,38,1,,,0,70,,39,1,,,0,30,,40,1,,,0,70,,41,1,,,0,30,,42,1,,,0,70,,43,1,,,0,30,,44,1,,,0,70,,45,1,,,0,30,,46,1,,,0,65,,47,1,,,0,30,,48,1,,,0,70,,49,1,,,0,35,,50,1,,,0,75,,51,1,,,0,75,,52,1,,,0,35,,53,1,,,0,75,,54,1,,,0,35,,55,1,,,0,75,,56,1,,,0
100,'4480',514,,58,1,,,0,30,,59,1,,,0,71,,57,1,,,0,20,,61,1,,,0,21,,62,1,,,0,60,,60,1,,,0,15,,63,1,,,0,20,,64,1,,,0,55,,65,1,,,0,17,,66,1,,,0,15,,67,1,,,0,17,,69,1,,,0,58,,68,1,,,0,15,,70,1,,,0,20,,71,1,,,0,59,,72,1,,,0,20,,73,1,,,0,22,,74,1,,,0,62,,75,1,,,0,23,,76,1,,,0,66,,78,1,,,0,22,,77,1,,,0,22,,79,1,,,0,63,,80,1,,,0,23,,82,1,,,0,22,,81,1,,,0,63,,83,1,,,0,22,,84,1,,,0,65,,85,1,,,0,16,,86,1,,,0,14,,87,1,,,0,16,,88,1,,,0,54,,89,1,,,0,17,,90,1,,,0,14,,91,1,,,0,14,,92,1,,,0,54,,93,1,,,0,14,,94,1,,,0,15,,95,1,,,0,14,,96,1,,,0,57,,97,1,,,0,20,,98,1,,,0,20,,99,1,,,0,64,,100,1,,,0,23,,107,1,,,0,24,,101,1,,,0,65,,102,1,,,0,24,,103,1,,,0,65,,108,1,,,0,24,,104,1,,,0,28,,105,1,,,0,71,,106,1,,,0
101,'4327',637,,109,34,4,,0,80,,110,34,4,,0,85,,111,34,4,,0,40,,112,34,4,,0,80,,113,34,4,,0,78,,114,34,4,,0,55,,115,34,4,,0,89,,116,34,4,,0,86,,117,34,4,,0,80,,118,34,4,,0,40,,119,34,4,,0,80,,120,34,4,,0,80,,121,34,4,,0,40,,122,34,4,,0,80,,123,34,4,,0,80,,124,34,4,,0,40,,125,34,4,,0,80,,126,34,4,,0,80,,127,34,4,,0,40,,128,34,4,,0,80,,129,34,4,,0,82,,130,34,4,,0
101,'4332',637,,132,34,4,,0,75,,131,34,4,,0,30,,133,34,4,,0,72,,134,34,4,,0,29,,135,34,4,,0,75,,136,34,4,,0,83,,137,34,4,,0,34,,138,34,4,,0,73,,139,34,4,,0,30,,140,34,4,,0,70,,141,34,4,,0,27,,142,34,4,,0,70,,143,34,4,,0,30,,144,34,4,,0,70,,145,34,4,,0,30,,146,34,4,,0,70,,147,34,4,,0,30,,148,34,4,,0,70,,149,34,4,,0,30,,150,34,4,,0,70,,151,34,4,,0,28,,152,34,4,,0,67,,153,34,4,,0,29,,154,34,4,,0,78,,155,34,4,,0,38,,156,34,4,,0,76,,157,34,4,,0,35,,158,34,4,,0,75,,159,34,4,,0,75,,160,34,4,,0,32,,162,34,4,,0,75,,161,34,4,,0
101,'4480',601,,164,34,4,,0,27,,165,34,4,,0,31,,166,34,4,,0,70,,167,34,4,,0,24,,163,34,4,,0,54,,168,34,4,,0,16,,169,34,4,,0,21,,170,34,4,,0,60,,171,34,4,,0,23,,172,34,4,,0,21,,173,34,4,,0,61,,174,34,4,,0,22,,175,34,4,,0,23,,176,34,4,,0,62,,177,34,4,,0,22,,178,34,4,,0,63,,179,34,4,,0,22,,180,34,4,,0,21,,181,34,4,,0,63,,182,34,4,,0,26,,183,34,4,,0,26,,184,34,4,,0,60,,185,34,4,,0,25,,186,34,4,,0,58,,187,34,4,,0,16,,188,34,4,,0,16,,189,34,4,,0,15,,190,34,4,,0,55,,191,34,4,,0,14,,192,34,4,,0,15,,193,34,4,,0,15,,194,34,4,,0,55,,195,34,4,,0,15,,196,34,4,,0,15,,197,34,4,,0,12,,198,34,4,,0,13,,199,34,4,,0,52,,200,34,4,,0,21,,201,34,4,,0,20,,202,34,4,,0,60,,203,34,4,,0,19,,211,34,4,,0,29,,204,34,4,,0,65,,205,34,4,,0,23,,206,34,4,,0,66,,212,34,4,,0,23,,207,34,4,,0,70,,208,34,4,,0,34,,209,34,4,,0,72,,210,34,4,,0
200,'4327',605,,213,1,,,0,35,,214,1,,,0,80,,215,1,,,0,85,,216,1,,,0,40,,217,1,,,0,80,,218,1,,,0,80,,219,1,,,0,95,,220,1,,,0,49,,221,1,,,0,86,,222,1,,,0,80,,223,1,,,0,40,,224,1,,,0,80,,225,1,,,0,80,,226,1,,,0,40,,227,1,,,0,80,,228,1,,,0,80,,229,1,,,0,40,,230,1,,,0,80,,231,1,,,0,80,,232,1,,,0,40,,233,1,,,0,80,,235,1,,,0,80,,234,1,,,0
200,'4332',605,,236,1,,,0,35,,237,1,,,0,75,,238,1,,,0,30,,239,1,,,0,72,,240,1,,,0,30,,241,1,,,0,75,,242,1,,,0,83,,243,1,,,0,35,,244,1,,,0,73,,245,1,,,0,30,,247,1,,,0,70,,248,1,,,0,27,,249,1,,,0,70,,246,1,,,0,30,,250,1,,,0,70,,251,1,,,0,30,,252,1,,,0,70,,253,1,,,0,30,,254,1,,,0,70,,256,1,,,0,30,,257,1,,,0,70,,255,1,,,0,28,,258,1,,,0,67,,259,1,,,0,29,,260,1,,,0,77,,261,1,,,0,38,,262,1,,,0,76,,263,1,,,0,76,,264,1,,,0,34,,265,1,,,0,75,,266,1,,,0
200,'4480',530,,267,1,,,0,75,,268,1,,,0,27,,269,1,,,0,71,,270,1,,,0,15,,271,1,,,0,15,,272,1,,,0,24,,273,1,,,0,55,,274,1,,,0,16,,275,1,,,0,21,,276,1,,,0,60,,277,1,,,0,23,,278,1,,,0,21,,279,1,,,0,61,,280,1,,,0,22,,281,1,,,0,23,,282,1,,,0,62,,283,1,,,0,22,,284,1,,,0,63,,285,1,,,0,22,,286,1,,,0,21,,287,1,,,0,63,,288,1,,,0,26,,289,1,,,0,66,,290,1,,,0,20,,291,1,,,0,25,,292,1,,,0,58,,293,1,,,0,16,,294,1,,,0,16,,295,1,,,0,15,,296,1,,,0,55,,297,1,,,0,14,,298,1,,,0,15,,299,1,,,0,15,,300,1,,,0,55,,301,1,,,0,15,,302,1,,,0,15,,303,1,,,0,62,,304,1,,,0,15,,305,1,,,0,20,,306,1,,,0,20,,307,1,,,0,60,,308,1,,,0,19,,314,1,,,0,69,,309,1,,,0,25,,310,1,,,0,25,,311,1,,,0,64,,315,1,,,0,23,,312,1,,,0,70,,313,1,,,0
201,'4327',641,,316,46,4,,0,80,,317,46,4,,0,79,,318,46,4,,0,40,,319,46,4,,0,87,,320,46,4,,0,87,,321,46,4,,0,39,,322,46,4,,0,84,,323,46,4,,0,78,,336,46,4,,0,40,,324,46,4,,0,80,,325,46,4,,0,80,,326,46,4,,0,40,,327,46,4,,0,80,,328,46,4,,0,80,,329,46,4,,0,40,,330,46,4,,0,80,,331,46,4,,0,80,,333,46,4,,0,38,,332,46,4,,0,79,,334,46,4,,0,78,,335,46,4,,0,44,,338,46,4,,0,97,,337,46,4,,0
201,'4332',624,,340,46,4,,0,31,,341,46,4,,0,69,,342,46,4,,0,35,,343,46,4,,0,75,,344,46,4,,0,75,,339,46,4,,0,32,,345,46,4,,0,75,,346,46,4,,0,38,,347,46,4,,0,70,,348,46,4,,0,30,,349,46,4,,0,70,,350,46,4,,0,30,,352,46,4,,0,70,,353,46,4,,0,30,,354,46,4,,0,70,,351,46,4,,0,30,,355,46,4,,0,70,,356,46,4,,0,30,,357,46,4,,0,69,,358,46,4,,0,30,,359,46,4,,0,66,,360,46,4,,0,30,,361,46,4,,0,70,,363,46,4,,0,34,,364,46,4,,0,76,,365,46,4,,0,75,,362,46,4,,0,34,,366,46,4,,0,76,,368,46,4,,0,35,,367,46,4,,0,75,,369,46,4,,0,76,,370,46,4,,0
201,'4480',537,,371,46,4,,0,75,,372,46,4,,0,41,,373,46,4,,0,75,,374,46,4,,0,19,,375,46,4,,0,55,,376,46,4,,0,17,,377,46,4,,0,16,,378,46,4,,0,17,,379,46,4,,0,58,,380,46,4,,0,15,,381,46,4,,0,20,,382,46,4,,0,58,,383,46,4,,0,20,,384,46,4,,0,22,,385,46,4,,0,62,,386,46,4,,0,23,,387,46,4,,0,26,,388,46,4,,0,62,,389,46,4,,0,22,,390,46,4,,0,62,,391,46,4,,0,23,,392,46,4,,0,22,,393,46,4,,0,63,,394,46,4,,0,21,,395,46,4,,0,27,,396,46,4,,0,56,,397,46,4,,0,14,,399,46,4,,0,16,,400,46,4,,0,14,,401,46,4,,0,57,,402,46,4,,0,14,,403,46,4,,0,14,,405,46,4,,0,13,,404,46,4,,0,54,,406,46,4,,0,15,,407,46,4,,0,14,,408,46,4,,0,16,,409,46,4,,0,62,,410,46,4,,0,20,,411,46,4,,0,64,,412,46,4,,0,23,,420,46,4,,0,25,,413,46,4,,0,64,,414,46,4,,0,24,,415,46,4,,0,66,,421,46,4,,0,23,,416,46,4,,0,29,,417,46,4,,0,71,,418,46,4,,0,33,,419,46,4,,0
6600,'4327',859,,1875,3,,,0,80,,1874,3,,,0,75,,1873,3,,,0,35,,1867,3,,,0,70,,1857,3,,,0,30,,1858,3,,,0,75,,1866,3,,,0,81,,1856,3,,,0,35,,1872,3,,,0,86,,1878,3,,,0,85,,1859,3,,,0,46,,1876,3,,,0,84,,1860,3,,,0,84,,1861,3,,,0,85,,1877,3,,,0,30,,1871,3,0,38 39,0,70,,1862,3,,,0,30,,1863,3,,,0,70,,1870,3,,,0,45,,1865,3,,,0,90,,1868,3,,,0,94,,1864,3,0,38 39,0,5,,1869,3,,,0
6600,'4332',800,,1897,3,,,0,100,,1891,3,,,0,40,,1890,3,,,0,75,,1889,3,,,0,35,,1883,3,,,0,70,,1893,3,,,0,31,,1899,3,,,0,75,,1880,3,,,0,81,,1898,3,,,0,35,,1888,3,,,0,86,,1901,3,,,0,85,,1879,3,,,0,45,,1902,3,,,0,84,,1881,3,,,0,85,,1882,3,,,0,85,,1884,3,,,0,31,,1894,3,0,38 39,0,68,,1885,3,,,0,30,,1892,3,,,0,69,,1887,3,,,0,45,,1900,3,,,0,90,,1895,3,,,0,95,,1886,3,0,38 39,0,5,,1896,3,,,0
6600,'4480',703,,1903,3,,,0,41,,1904,3,,,0,67,,1905,3,,,0,26,,1906,3,,,0,20,,1909,3,0,38 39,0,60,,1910,3,,,0,28,,1911,3,,,0,69,,1912,3,0,38 39,0,30,,1908,3,,,0,70,,1914,3,0,38 39,0,30,,1907,3,,,0,70,,1913,3,0,38 39,0,30,,1915,3,,,0,72,,1936,3,0,38 39,0,26,,1916,3,,,0,75,,1935,3,,,0,31,,1934,3,,,0,74,,1937,3,0,38 39,0,35,,1933,3,,,0,72,,1932,3,0,38 39,0,74,,1918,3,,,0,17,,1919,3,0,38 39,0,19,,1920,3,,,0,18,,1921,3,0,38 39,0,61,,1922,3,,,0,15,,1923,3,,,0,18,,1924,3,,,0,58,,1925,3,,,0,20,,1926,3,,,0,18,,1927,3,0,38 39,0,65,,1928,3,,,0,30,,1917,3,,,0,70,,1929,3,,,0,34,,1930,3,,,0,100,,1931,3,,,0
6601,'4327',728,,1957,6,,,0,80,,1956,6,,,0,35,,1955,6,,,0,75,,1949,6,,,0,30,,1939,6,,,0,71,,1940,6,,,0,36,,1948,6,,,0,75,,1941,6,,,0,75,,1954,6,,,0,45,,1960,6,,,0,83,,1942,6,,,0,84,,1959,6,,,0,85,,1943,6,,,0,44,,1944,6,,,0,84,,1958,6,,,0,73,,1953,6,,,0,30,,1938,6,,,0,70,,1945,6,,,0,30,,1952,6,,,0,85,,1947,2,,,0,86,,1950,6,,,0,51,,1946,2,,,0,45,,1951,6,,,0
6601,'4332',628,,1979,6,,,0,101,,1975,6,,,0,80,,1972,6,,,0,35,,1971,6,,,0,75,,1967,6,,,0,26,,1974,6,,,0,71,,1981,6,,,0,36,,1964,6,,,0,77,,1980,6,,,0,75,,1970,6,,,0,44,,1983,6,,,0,85,,1961,6,,,0,85,,1984,6,,,0,85,,1962,6,,,0,45,,1963,6,,,0,85,,1965,6,,,0,72,,1976,6,,,0,29,,1966,6,,,0,70,,1973,6,,,0,30,,1968,6,,,0,87,,1982,2,,,0,85,,1977,6,,,0,50,,1969,2,,,0,45,,1978,6,,,0
6601,'4480',522,,1985,6,,,0,22,,1986,6,,,0,60,,1987,6,,,0,21,,1988,6,,,0,21,,1991,6,,,0,63,,1992,6,,,0,37,,1993,6,,,0,79,,1994,6,,,0,78,,1990,6,,,0,35,,1996,2,,,0,71,,1989,6,,,0,30,,1995,2,,,0,70,,1997,6,,,0,30,,2018,2,,,0,65,,1998,6,,,0,29,,2017,6,,,0,69,,2016,2,,,0,29,,2019,6,,,0,28,,2015,2,,,0,68,,2014,6,,,0,27,,2000,6,,,0,59,,2001,2,,,0,16,,2002,6,,,0,17,,2003,6,,,0,63,,2004,2,,,0,20,,2005,6,,,0,26,,2006,6,,,0,66,,2007,2,,,0,23,,2008,6,,,0,64,,2009,6,,,0,31,,2010,2,,,0,71,,1999,6,,,0,30,,2011,6,,,0,70,,2012,6,,,0,95,,2013,6,,,0
