300,'4327',641,,423,23,,,0,95,,424,23,,,0,89,,437,23,,,0,94,,426,23,,,0,90,,427,23,,,0,98,,428,23,,,0,95,,425,23,,,0,99,,429,23,,,0,101,,430,23,,,0,100,,431,23,,,0,100,,432,23,,,0,104,,433,23,,,0,98,,434,23,,,0,96,,435,23,,,0,100,,436,23,,,0
300,'4332',611,,462,23,,,0,90,,461,23,,,0,99,,463,23,,,0,49,,438,23,,,0,68,,439,23,,,0,40,,440,23,,,0,75,,442,23,,,0,70,,443,23,,,0,35,,444,23,,,0,75,,441,23,,,0,34,,445,23,,,0,80,,446,23,,,0,75,,447,23,,,0,35,,448,23,,,0,81,,449,23,,,0,35,,450,23,,,0,70,,451,23,,,0,35,,452,23,,,0,76,,453,23,,,0,75,,454,23,,,0,46,,455,23,,,0,75,,456,23,,,0,76,,457,23,,,0,50,,458,23,,,0,101,,459,23,,,0,100,,460,23,,,0
300,'4480',558,,465,23,,,0,71,,466,23,,,0,29,,467,23,,,0,74,,468,23,,,0,74,,469,23,,,0,35,,470,23,,,0,75,,471,23,,,0,35,,472,23,,,0,75,,473,23,,,0,75,,464,23,,,0,35,,474,23,,,0,74,,475,23,,,0,35,,476,23,,,0,75,,477,23,,,0,80,,478,23,,,0,33,,479,23,,,0,76,,480,23,,,0,40,,481,23,,,0,76,,482,23,,,0,34,,483,23,,,0,77,,484,23,,,0,76,,485,23,,,0,36,,487,23,,,0,75,,486,23,,,0,30,,488,23,,,0,101,,489,23,,,0,102,,490,23,,,0,103,,491,23,,,0
3100,'4327',1012,,999,8,,,0,109,,993,8,,,0,109,,994,8,,,0,110,,995,8,,,0,115,,996,8,,,0,156,,998,8,,,0,110,,997,8,,,0
3100,'4332',906,,1003,8,,,0,105,,1007,8,,,0,110,,1001,8,,,0,109,,1000,8,,,0,110,,1002,8,,,0,115,,1004,8,,,0,155,,1006,8,,,0,110,,1005,8,,,0
3100,'4480',729,,1008,8,,,0,71,,1009,8,,,0,31,,1010,8,,,0,104,,1011,8,,,0,107,,1012,8,,,0,110,,1013,8,,,0,149,,1014,8,,,0,114,,1015,8,,,0,97,,1016,8,,,0,39,,1017,8,,,0,74,,1018,8,,,0,34,,1019,8,,,0,76,,1020,8,,,0,76,,1021,8,,,0
1003100,'4327',732,,2119,8,,,0,102,,2111,8,,,0,102,,2109,8,,,0,107,,2113,8,,,0,110,,2110,8,,,0,150,,2108,8,,,0,114,,2114,8,,,0,115,,2115,8,,,0,111,,2112,8,,,0,181,,2116,8,,,0,120,,2117,8,,,0,104,,2118,8,,,0
1003100,'4332',733,,2133,8,,,0,101,,2122,8,,,0,100,,2121,8,,,0,109,,2120,8,,,0,110,,2128,8,,,0,150,,2132,8,,,0,115,,2125,8,,,0,114,,2129,8,,,0,111,,2126,8,,,0,110,,2127,8,,,0,75,,2123,8,,,0,115,,2124,8,,,0,102,,2131,8,,,0,99,,2130,8,,,0
1003100,'4480',642,,2138,8,,,0,69,,2139,8,,,0,30,,2140,8,,,0,68,,2141,8,,,0,50,,2142,8,,,0,146,,2143,8,,,0,109,,2144,8,,,0,109,,2145,8,,,0,115,,2146,8,,,0,110,,2147,8,,,0,80,,2148,8,,,0,74,,2135,8,,,0,36,,2136,8,,,0,79,,2134,8,,,0,32,,2137,8,,,0,80,,2149,8,,,0,85,,2150,8,,,0,122,,2151,8,,,0,104,,2152,8,,,0,108,,2153,8,,,0
24003100,'4480',533,,2199,8,0,22 23 24 25,0,69,,2196,8,0,22 23 24 25,0,30,,2197,8,0,22 23 24 25,0,69,,2198,8,0,22 23 24 25,0
