101,'4327',625,,109,22,,,0,80,,110,22,,,0,45,,111,22,,,0,80,,112,22,,,0,80,,113,22,,,0,37,,114,22,,,0,94,,115,22,,,0,88,,116,22,,,0,86,,117,22,,,0,40,,118,22,,,0,80,,119,22,,,0,79,,120,22,,,0,40,,121,22,,,0,80,,122,22,,,0,80,,123,22,,,0,40,,124,22,,,0,81,,125,22,,,0,80,,126,22,,,0,42,,127,22,,,0,80,,128,22,,,0,81,,129,22,,,0,82,,130,22,,,0
101,'4332',625,,132,22,,,0,75,,131,22,,,0,30,,133,22,,,0,72,,134,22,,,0,29,,135,22,,,0,75,,136,22,,,0,42,,137,22,,,0,74,,138,22,,,0,32,,139,22,,,0,69,,140,22,,,0,30,,141,22,,,0,67,,142,22,,,0,28,,143,22,,,0,70,,144,22,,,0,30,,145,22,,,0,70,,146,22,,,0,30,,147,22,,,0,70,,148,22,,,0,31,,149,22,,,0,70,,150,22,,,0,30,,151,22,,,0,69,,152,22,,,0,27,,153,22,,,0,69,,154,22,,,0,38,,155,22,,,0,79,,156,22,,,0,78,,157,22,,,0,35,,158,22,,,0,75,,159,22,,,0,35,,160,22,,,0,72,,162,22,,,0,75,,161,22,,,0
101,'4480',550,,164,22,,,0,66,,165,22,,,0,31,,166,22,,,0,69,,167,22,,,0,23,,163,22,,,0,14,,168,22,,,0,56,,169,22,,,0,22,,170,22,,,0,21,,171,22,,,0,63,,172,22,,,0,20,,173,22,,,0,21,,174,22,,,0,62,,175,22,,,0,22,,176,22,,,0,62,,177,22,,,0,22,,178,22,,,0,23,,179,22,,,0,62,,180,22,,,0,21,,181,22,,,0,23,,182,22,,,0,65,,183,22,,,0,26,,184,22,,,0,59,,185,22,,,0,24,,186,22,,,0,18,,187,22,,,0,56,,188,22,,,0,16,,189,22,,,0,15,,190,22,,,0,15,,191,22,,,0,54,,192,22,,,0,15,,193,22,,,0,15,,194,22,,,0,15,,195,22,,,0,56,,196,22,,,0,15,,197,22,,,0,13,,198,22,,,0,14,,199,22,,,0,12,,200,22,,,0,61,,201,22,,,0,20,,202,22,,,0,20,,203,22,,,0,59,,211,22,,,0,30,,204,22,,,0,65,,205,22,,,0,23,,206,22,,,0,67,,212,22,,,0,23,,207,22,,,0,30,,208,22,,,0,74,,209,22,,,0,73,,210,22,,,0
201,'4327',618,,316,23,,,0,40,,317,23,,,0,79,,318,23,,,0,80,,319,23,,,0,87,,320,23,,,0,46,,321,23,,,0,79,,322,23,,,0,82,,323,23,,,0,37,,336,23,,,0,80,,324,23,,,0,79,,325,23,,,0,39,,326,23,,,0,80,,327,23,,,0,80,,328,23,,,0,40,,329,23,,,0,80,,330,23,,,0,80,,331,23,,,0,41,,333,23,,,0,79,,332,23,,,0,79,,334,23,,,0,39,,335,23,,,0,85,,338,23,,,0,99,,337,23,,,0
201,'4332',602,,340,23,,,0,31,,341,23,,,0,68,,342,23,,,0,35,,343,23,,,0,75,,344,23,,,0,35,,339,23,,,0,71,,345,23,,,0,34,,346,23,,,0,77,,347,23,,,0,30,,348,23,,,0,70,,349,23,,,0,30,,350,23,,,0,70,,352,23,,,0,28,,353,23,,,0,69,,354,23,,,0,29,,351,23,,,0,70,,355,23,,,0,30,,356,23,,,0,70,,357,23,,,0,31,,358,23,,,0,70,,359,23,,,0,26,,360,23,,,0,70,,361,23,,,0,30,,363,23,,,0,75,,364,23,,,0,76,,365,23,,,0,36,,362,23,,,0,76,,366,23,,,0,37,,368,23,,,0,75,,367,23,,,0,75,,369,23,,,0,36,,370,23,,,0
201,'4480',514,,371,23,,,0,35,,372,23,,,0,80,,373,23,,,0,75,,374,23,,,0,17,,375,23,,,0,15,,376,23,,,0,15,,377,23,,,0,57,,378,23,,,0,18,,379,23,,,0,18,,380,23,,,0,57,,381,23,,,0,20,,382,23,,,0,17,,383,23,,,0,20,,384,23,,,0,61,,385,23,,,0,21,,386,23,,,0,63,,387,23,,,0,26,,388,23,,,0,22,,389,23,,,0,62,,390,23,,,0,22,,391,23,,,0,23,,392,23,,,0,62,,393,23,,,0,23,,394,23,,,0,60,,395,23,,,0,23,,396,23,,,0,15,,397,23,,,0,17,,399,23,,,0,56,,400,23,,,0,14,,401,23,,,0,18,,402,23,,,0,54,,403,23,,,0,14,,405,23,,,0,13,,404,23,,,0,14,,406,23,,,0,15,,407,23,,,0,55,,408,23,,,0,16,,409,23,,,0,22,,410,23,,,0,60,,411,23,,,0,25,,412,23,,,0,24,,420,23,,,0,65,,413,23,,,0,25,,414,23,,,0,64,,415,23,,,0,27,,421,23,,,0,64,,416,23,,,0,29,,417,23,,,0,71,,418,23,,,0,34,,419,23,,,0
1701,'4480',627,,919,4,0,10 12,0,75,,920,4,0,10 12,0,51,,921,4,0,10 12,0,765,,915,4,0,10 12,0,85,,916,4,0,10 12,0,45,,917,4,0,10 12,0,85,,918,4,0,10 12,0,85,,914,4,0,10 12,0
2101,'4327',803,,962,4,,,0,99,,954,4,,,0,133,,955,4,,,0,168,,956,4,,,0,129,,957,4,,,0,177,,958,4,,,0,129,,959,4,,,0,172,,960,4,,,0,131,,961,4,,,0
2101,'4332',726,,971,4,,,0,129,,972,4,,,0,178,,970,4,,,0,125,,966,4,,,0,167,,964,4,,,0,106,,965,4,,,0,101,,967,4,,,0,101,,968,4,,,0,168,,969,4,,,0,131,,963,4,,,0
2101,'4480',601,,984,4,,,0,44,,985,4,,,0,166,,983,4,,,0,92,,982,4,,,0,37,,986,4,,,0,94,,981,4,,,0,125,,974,4,,,0,167,,979,4,,,0,103,,975,4,,,0,74,,976,4,,,0,107,,980,4,,,0,49,,978,4,,,0,148,,973,4,,,0,122,,977,4,,,0
2201,'4480',742,,987,4,0,9 10 7 8,0,686,,988,4,0,9 10 7 8,0
1002101,'4480',720,,2107,4,,,0
