3101,'4327',759,,1028,5,,,0,247,,1025,5,,,0,219,,1022,5,,,0,110,,1026,5,,,0,114,,1024,5,,,0,155,,1027,5,,,0,110,,1023,5,,,0
3101,'4332',759,,1032,5,,,0,143,,1031,5,,,0,102,,1029,5,,,0,111,,1036,5,,,0,110,,1037,5,,,0,110,,1030,5,,,0,115,,1035,5,,,0,155,,1033,5,,,0,110,,1034,5,,,0,109,,1038,5,,,0
3101,'4480',624,,1039,5,,,0,85,,1040,5,,,0,30,,1042,5,,,0,71,,1043,5,,,0,32,,1041,5,,,0,87,,1045,5,,,0,106,,1046,5,,,0,110,,1047,5,,,0,110,,1044,5,,,0,155,,1048,5,,,0,115,,1049,5,,,0,80,,1051,5,,,0,36,,1052,5,,,0,76,,1053,5,,,0,33,,1050,5,,,0,71,,1054,5,,,0,18,,1055,5,,,0
3201,'4327',758,,1070,5,0,42 43,0,144,,1069,5,0,42 43,0,104,,1064,5,0,42 43,0,33,,1071,5,0,42 43,0,75,,1058,5,0,42 43,0,35,,1057,5,0,42 43,0,75,,1065,5,0,42 43,0,35,,1056,5,0,42 43,0,75,,1066,5,0,42 43,0,75,,1061,5,0,42 43,0,41,,1067,5,0,42 43,0,75,,1062,5,0,42 43,0,79,,1063,5,0,42 43,0,35,,1060,5,0,42 43,0,75,,1068,5,0,42 43,0,35,,1059,5,0,42 43,0,110,,1072,5,0,42 43,0,155,,1073,5,0,42 43,0
3201,'4332',759,,1085,5,0,42 43,0,70,,1076,5,0,42 43,0,73,,1096,5,0,42 43,0,32,,1074,5,0,42 43,0,70,,1077,5,0,42 43,0,35,,1082,5,0,42 43,0,75,,1075,5,0,42 43,0,36,,1094,5,0,42 43,0,75,,1079,5,0,42 43,0,75,,1078,5,0,42 43,0,35,,1083,5,0,42 43,0,75,,1080,5,0,42 43,0,40,,1095,5,0,42 43,0,75,,1084,5,0,42 43,0,80,,1081,5,0,42 43,0,35,,1090,5,0,42 43,0,74,,1086,5,0,42 43,0,35,,1097,5,0,42 43,0,75,,1087,5,0,42 43,0,35,,1089,5,0,42 43,0,85,,1088,5,0,42 43,0,70,,1092,5,0,42 43,0,30,,1091,5,0,42 43,0,170,,1093,5,0,42 43,0
3201,'4480',553,,1099,5,0,42 43,0,70,,1100,5,0,42 43,0,30,,1101,5,0,42 43,0,71,,1098,5,0,42 43,0,30,,1102,5,0,42 43,0,72,,1103,5,0,42 43,0,33,,1104,5,0,42 43,0,70,,1105,5,0,42 43,0,72,,1106,5,0,42 43,0,33,,1107,5,0,42 43,0,76,,1108,5,0,42 43,0,35,,1109,5,0,42 43,0,75,,1110,5,0,42 43,0,35,,1111,5,0,42 43,0,75,,1112,5,0,42 43,0,80,,1113,5,0,42 43,0,37,,1114,5,0,42 43,0,79,,1115,5,0,42 43,0,80,,1116,5,0,42 43,0,35,,1117,5,0,42 43,0,77,,1118,5,0,42 43,0,31,,1119,5,0,42 43,0,72,,1120,5,0,42 43,0,38,,1121,5,0,42 43,0,87,,1122,5,0,42 43,0,68,,1123,5,0,42 43,0,95,,1124,5,0,42 43,0,105,,1125,5,0,42 43,0
3900,'4327',858,,1274,6,0,44 45,0,161,,1277,6,0,44 45,0,105,,1272,6,0,44 45,0,135,,1271,6,0,44 45,0,150,,1275,6,0,44 45,0,130,,1273,6,0,44 45,0,104,,1278,6,0,44 45,0,115,,1276,6,0,44 45,0
3900,'4332',901,,1280,6,0,44 45,0,120,,1281,6,0,44 45,0,106,,1279,6,0,44 45,0,175,,1282,6,0,44 45,0,110,,1284,6,0,44 45,0,130,,1283,6,0,44 45,0,104,,1286,6,0,44 45,0,155,,1285,6,0,44 45,0
3900,'4480',629,,1292,5,0,46 47 21,0,277,,1295,6,0,44 45,0,109,,1289,6,0,44 45,0,108,,1290,6,0,44 45,0,185,,1291,6,0,44 45,0,120,,1293,6,0,44 45,0,190,,1294,6,0,44 45,0,110,,1287,6,0,44 45,0,130,,1288,6,0,44 45,0
1003101,'4327',901,,2161,5,,,0,213,,2160,5,,,0,35,,2154,5,,,0,110,,2156,5,,,0,150,,2157,5,,,0,115,,2158,5,,,0,115,,2159,5,,,0,110,,2155,5,,,0,109,,2162,5,,,0,155,,2163,5,,,0,100,,2164,5,,,0
1003101,'4332',829,,2170,5,,,0,105,,2176,5,,,0,105,,2165,5,,,0,110,,2166,5,,,0,110,,2167,5,,,0,150,,2169,5,,,0,115,,2174,5,,,0,115,,2172,5,,,0,110,,2171,5,,,0,110,,2168,5,,,0,155,,2173,5,,,0,100,,2175,5,,,0
1003101,'4480',653,,2177,5,,,0,70,,2178,5,,,0,31,,2179,5,,,0,72,,2180,5,,,0,33,,2181,5,,,0,142,,2182,5,,,0,108,,2183,5,,,0,110,,2184,5,,,0,110,,2185,5,,,0,115,,2186,5,,,0,100,,2187,5,,,0,78,,2188,5,,,0,35,,2189,5,,,0,75,,2190,5,,,0,73,,2191,5,,,0,51,,2192,5,,,0,90,,2193,5,,,0,163,,2194,5,,,0,109,,2195,5,,,0
