100,'4327',625,,1,31,,,0,81,,2,31,,,0,40,,3,31,,,0,82,,4,31,,,0,80,,5,31,,,0,50,,6,31,,,0,88,,7,31,,,0,80,,8,31,,,0,86,,9,31,,,0,38,,22,31,,,0,80,,10,31,,,0,80,,11,31,,,0,41,,12,31,,,0,80,,13,31,,,0,80,,14,31,,,0,40,,15,31,,,0,79,,16,31,,,0,79,,17,31,,,0,40,,18,31,,,0,77,,19,31,,,0,77,,20,31,,,0,36,,21,31,,,0,85,,23,31,,,0,93,,24,31,,,0
100,'4332',621,,25,31,,,0,33,,26,31,,,0,70,,27,31,,,0,30,,28,31,,,0,75,,29,31,,,0,76,,30,31,,,0,37,,31,31,,,0,72,,33,31,,,0,38,,34,31,,,0,77,,32,31,,,0,71,,35,31,,,0,30,,36,31,,,0,70,,37,31,,,0,32,,38,31,,,0,70,,39,31,,,0,30,,40,31,,,0,70,,41,31,,,0,30,,42,31,,,0,70,,43,31,,,0,29,,44,31,,,0,70,,45,31,,,0,29,,46,31,,,0,24,,47,31,,,0,69,,48,31,,,0,29,,49,31,,,0,75,,50,31,,,0,73,,51,31,,,0,34,,52,31,,,0,75,,53,31,,,0,34,,54,31,,,0,75,,55,31,,,0,34,,56,31,,,0
100,'4480',535,,58,31,,,0,70,,59,31,,,0,34,,57,31,,,0,20,,61,31,,,0,62,,62,31,,,0,22,,60,31,,,0,15,,63,31,,,0,61,,64,31,,,0,17,,65,31,,,0,15,,66,31,,,0,55,,67,31,,,0,17,,69,31,,,0,18,,68,31,,,0,15,,70,31,,,0,60,,71,31,,,0,19,,72,31,,,0,22,,73,31,,,0,62,,74,31,,,0,22,,75,31,,,0,64,,76,31,,,0,27,,78,31,,,0,22,,77,31,,,0,62,,79,31,,,0,24,,80,31,,,0,63,,82,31,,,0,23,,81,31,,,0,24,,83,31,,,0,63,,84,31,,,0,23,,85,31,,,0,16,,86,31,,,0,54,,87,31,,,0,17,,88,31,,,0,14,,89,31,,,0,17,,90,31,,,0,54,,91,31,,,0,14,,92,31,,,0,13,,93,31,,,0,12,,94,31,,,0,53,,95,31,,,0,13,,96,31,,,0,17,,97,31,,,0,19,,98,31,,,0,60,,99,31,,,0,23,,100,31,,,0,23,,107,31,,,0,64,,101,31,,,0,23,,102,31,,,0,64,,103,31,,,0,25,,108,31,,,0,23,,104,31,,,0,68,,105,31,,,0,30,,106,31,,,0
201,'4327',610,,316,12,,,0,40,,317,12,,,0,79,,318,12,,,0,80,,319,12,,,0,46,,320,12,,,0,86,,321,12,,,0,79,,322,12,,,0,81,,323,12,,,0,37,,336,12,,,0,80,,324,12,,,0,39,,325,12,,,0,78,,326,12,,,0,80,,327,12,,,0,40,,328,12,,,0,80,,329,12,,,0,80,,330,12,,,0,40,,331,12,,,0,81,,333,12,,,0,79,,332,12,,,0,40,,334,12,,,0,80,,335,12,,,0,85,,338,12,,,0,99,,337,12,,,0
201,'4332',554,,340,12,,,0,71,,341,12,,,0,28,,342,12,,,0,75,,343,12,,,0,75,,344,12,,,0,34,,339,12,,,0,71,,345,12,,,0,34,,346,12,,,0,77,,347,12,,,0,30,,348,12,,,0,70,,349,12,,,0,29,,350,12,,,0,69,,352,12,,,0,28,,353,12,,,0,69,,354,12,,,0,29,,351,12,,,0,70,,355,12,,,0,30,,356,12,,,0,70,,357,12,,,0,31,,358,12,,,0,70,,359,12,,,0,26,,360,12,,,0,70,,361,12,,,0,30,,363,12,,,0,76,,364,12,,,0,36,,365,12,,,0,77,,362,12,,,0,76,,366,12,,,0,37,,368,12,,,0,75,,367,12,,,0,35,,369,12,,,0,76,,370,12,,,0
201,'4480',506,,371,12,,,0,35,,372,12,,,0,80,,373,12,,,0,34,,374,12,,,0,57,,375,12,,,0,15,,376,12,,,0,14,,377,12,,,0,16,,378,12,,,0,59,,379,12,,,0,18,,380,12,,,0,17,,381,12,,,0,60,,382,12,,,0,17,,383,12,,,0,20,,384,12,,,0,61,,385,12,,,0,21,,386,12,,,0,23,,387,12,,,0,65,,388,12,,,0,21,,389,12,,,0,62,,390,12,,,0,22,,391,12,,,0,23,,392,12,,,0,62,,393,12,,,0,23,,394,12,,,0,20,,395,12,,,0,63,,396,12,,,0,11,,397,12,,,0,19,,398,12,0,20 19 21,0,2,,399,12,,,0,56,,400,12,,,0,14,,401,12,,,0,18,,402,12,,,0,14,,403,12,,,0,54,,405,12,,,0,13,,404,12,,,0,14,,406,12,,,0,15,,407,12,,,0,56,,408,12,,,0,16,,409,12,,,0,22,,410,12,,,0,21,,411,12,,,0,65,,412,12,,,0,24,,420,12,,,0,65,,413,12,,,0,25,,414,12,,,0,64,,415,12,,,0,27,,421,12,,,0,24,,416,12,,,0,69,,417,12,,,0,33,,418,12,,,0,74,,419,12,,,0
300,'4327',642,,423,25,,,0,95,,424,25,,,0,89,,437,25,,,0,94,,426,25,,,0,90,,427,25,,,0,99,,428,25,,,0,95,,425,25,,,0,99,,429,25,,,0,101,,430,25,,,0,100,,431,25,,,0,100,,432,25,,,0,104,,433,25,,,0,97,,434,25,,,0,96,,435,25,,,0,100,,436,25,,,0
300,'4332',612,,462,25,,,0,90,,461,25,,,0,99,,463,25,,,0,49,,438,25,,,0,69,,439,25,,,0,40,,440,25,,,0,75,,442,25,,,0,70,,443,25,,,0,35,,444,25,,,0,75,,441,25,,,0,34,,445,25,,,0,80,,446,25,,,0,75,,447,25,,,0,35,,448,25,,,0,81,,449,25,,,0,35,,450,25,,,0,70,,451,25,,,0,35,,452,25,,,0,76,,453,25,,,0,75,,454,25,,,0,46,,455,25,,,0,75,,456,25,,,0,75,,457,25,,,0,50,,458,25,,,0,101,,459,25,,,0,100,,460,25,,,0
300,'4480',559,,465,25,,,0,71,,466,25,,,0,29,,467,25,,,0,75,,468,25,,,0,74,,469,25,,,0,35,,470,25,,,0,75,,471,25,,,0,35,,472,25,,,0,75,,473,25,,,0,75,,464,25,,,0,35,,474,25,,,0,74,,475,25,,,0,35,,476,25,,,0,75,,477,25,,,0,80,,478,25,,,0,33,,479,25,,,0,76,,480,25,,,0,40,,481,25,,,0,76,,482,25,,,0,74,,483,25,,,0,37,,484,25,,,0,76,,485,25,,,0,36,,487,25,,,0,75,,486,25,,,0,30,,488,25,,,0,101,,489,25,,,0,101,,490,25,,,0,143,,491,25,,,0
401,'4327',625,,577,46,,,0,109,,564,46,,,0,100,,565,46,,,0,100,,566,46,,,0,100,,567,46,,,0,101,,568,46,,,0,101,,569,46,,,0,100,,570,46,,,0,100,,571,46,,,0,100,,572,46,,,0,100,,573,46,,,0,100,,574,46,,,0,100,,575,46,,,0,99,,576,46,,,0
401,'4332',626,,590,46,,,0,108,,593,46,,,0,101,,594,46,,,0,100,,578,46,,,0,101,,579,46,,,0,101,,591,46,,,0,100,,589,46,,,0,100,,588,46,,,0,100,,587,46,,,0,100,,583,46,,,0,100,,586,46,,,0,100,,585,46,,,0,99,,584,46,,,0,100,,582,46,,,0,99,,581,46,,,0,99,,580,46,,,0,122,,592,46,,,0
401,'4480',625,,613,46,,,0,110,,610,46,,,0,17,,604,46,,,0,87,,605,46,,,0,97,,606,46,,,0,100,,607,46,,,0,101,,608,46,,,0,100,,609,46,,,0,100,,611,46,,,0,103,,612,46,,,0,63,,599,46,,,0,35,,600,46,,,0,102,,601,46,,,0,98,,602,46,,,0,98,,603,46,,,0,100,,596,46,,,0,99,,597,46,,,0,100,,598,46,,,0,120,,595,46,,,0
700,'4332',530,,812,8,0,11 12,0,100,,813,8,0,11 12,0,199,,814,8,0,11 12,0,200,,815,8,0,11 12,0,200,,816,8,0,11 12,0,200,,817,8,0,11 12,0,200,,818,8,0,11 12,0,400,,820,8,0,11 12,0
900,'4327',711,,832,52,0,18 19,0,100,,833,52,0,18 19,0,101,,834,52,0,18 19,0,101,,831,52,0,18 19,0,106,,835,52,0,18 19,0,95,,836,52,0,18 19,0,105,,837,52,0,18 19,0,100,,838,52,0,18 19,0,100,,839,52,0,18 19,0,99,,840,52,0,18 19,0,100,,841,52,0,18 19,0,100,,842,52,0,18 19,0,100,,843,52,0,18 19,0,95,,844,52,0,18 19,0
900,'4332',711,,845,52,,,0,100,,846,52,,,0,101,,847,52,,,0,101,,848,52,,,0,105,,849,52,,,0,96,,850,52,,,0,106,,851,52,,,0,100,,852,52,,,0,100,,853,52,0,18 19,0,100,,854,52,,,0,104,,855,61,,,0,94,,856,52,0,18 19,0,100,,857,52,,,0,95,,858,52,,,0,99,,859,52,,,0,105,,860,52,0,18 19,0
900,'4480',610,,877,52,0,18 19,0,110,,866,52,0,18 19,0,97,,867,52,0,18 19,0,104,,868,52,0,18 19,0,100,,869,52,0,18 19,0,101,,870,52,0,18 19,0,100,,871,52,0,18 19,0,101,,872,52,0,18 19,0,100,,873,52,0,18 19,0,101,,874,52,0,18 19,0,100,,875,52,0,18 19,0,100,,876,52,0,18 19,0,99,,862,52,0,18 19,0,98,,863,52,0,18 19,0,99,,864,52,0,18 19,0,99,,865,52,0,18 19,0,100,,861,52,0,18 19,0
1501,'4332',953,,900,46,,,0,172,,901,46,,,0,428,,902,46,,,0,172,,903,46,,,0
1501,'4480',648,,907,46,,,0,84,,909,46,,,0,123,,906,46,,,0,681,,908,46,,,0,205,,905,46,,,0,89,,904,46,,,0
1600,'4480',804,,913,38,,,0,124,,911,38,,,0,682,,912,38,,,0,48,,910,38,,,0
2600,'4480',1523,,991,54,0,20 19 7 8,0
2601,'4480',806,,992,65,0,20 19 7 8,0
1000700,'4332',729,,2087,8,0,16,0,200,,2088,8,0,16,0,200,,2089,8,0,16,0,200,,2090,8,0,16,0,400,,2092,8,0,16,0,200,,2093,8,0,16,0,200,,2094,8,0,16,0
