300,'4327',638,,423,19,,,0,95,,424,19,,,0,89,,437,19,,,0,94,,426,19,,,0,90,,427,19,,,0,98,,428,19,,,0,55,,425,19,,,0,99,,429,19,,,0,101,,430,19,,,0,100,,431,19,,,0,100,,432,19,,,0,144,,433,19,,,0,98,,434,19,,,0,56,,435,19,,,0,100,,436,19,,,0
300,'4332',608,,462,19,,,0,50,,461,19,,,0,99,,463,19,,,0,89,,438,19,,,0,68,,439,19,,,0,40,,440,19,,,0,75,,442,19,,,0,30,,443,19,,,0,75,,444,19,,,0,75,,441,19,,,0,33,,445,19,,,0,80,,446,19,,,0,35,,447,19,,,0,75,,448,19,,,0,81,,449,19,,,0,35,,450,19,,,0,70,,451,19,,,0,36,,452,19,,,0,76,,453,19,,,0,75,,454,19,,,0,46,,455,19,,,0,75,,456,19,,,0,76,,457,19,,,0,50,,458,19,,,0,101,,459,19,,,0,100,,460,19,,,0
300,'4480',555,,465,19,,,0,71,,466,19,,,0,29,,467,19,,,0,74,,468,19,,,0,74,,469,19,,,0,35,,470,19,,,0,74,,471,19,,,0,35,,472,19,,,0,75,,473,19,,,0,35,,464,19,,,0,75,,474,19,,,0,74,,475,19,,,0,35,,476,19,,,0,75,,477,19,,,0,40,,478,19,,,0,73,,479,19,,,0,76,,480,19,,,0,40,,481,19,,,0,76,,482,19,,,0,34,,483,19,,,0,77,,484,19,,,0,76,,485,19,,,0,37,,487,19,,,0,75,,486,19,,,0,30,,488,19,,,0,101,,489,19,,,0,102,,490,19,,,0,103,,491,19,,,0
601,'4327',547,,750,4,,,0,110,,751,4,,,0,145,,752,4,,,0,105,,753,4,,,0,45,,755,4,,,0,100,,756,4,,,0,90,,757,4,,,0,100,,754,4,,,0,100,,758,4,,,0,100,,759,4,,,0,100,,760,4,,,0,100,,761,4,,,0,105,,762,4,,,0,160,,763,4,,,0,110,,764,4,,,0
601,'4332',552,,767,4,,,0,100,,768,4,,,0,100,,766,4,,,0,95,,769,4,,,0,100,,770,4,,,0,100,,771,4,,,0,95,,772,4,,,0,100,,773,4,,,0,100,,774,4,,,0,100,,775,4,,,0,100,,776,4,,,0,100,,777,4,,,0,105,,778,4,,,0,105,,779,4,,,0,95,,780,4,,,0,110,,781,4,,,0,155,,782,4,,,0,110,,765,4,,,0
601,'4480',546,,793,4,,,0,78,,794,4,,,0,77,,796,4,,,0,37,,797,4,,,0,80,,798,4,,,0,84,,795,4,,,0,35,,799,4,,,0,115,,800,4,,,0,160,,801,4,,,0,126,,802,4,,,0,83,,803,4,,,0,87,,785,4,,,0,48,,786,4,,,0,82,,787,4,,,0,79,,789,4,,,0,85,,790,4,,,0,43,,791,4,,,0,102,,788,4,,,0,110,,792,4,,,0,155,,783,4,,,0,110,,784,4,,,0
2401,'4480',738,,990,4,0,5 6 7 8,0
3100,'4327',1010,,999,4,,,0,109,,993,4,,,0,109,,994,4,,,0,110,,995,4,,,0,115,,996,4,,,0,156,,998,4,,,0,110,,997,4,,,0
3100,'4332',904,,1003,4,,,0,105,,1007,4,,,0,109,,1001,4,,,0,110,,1000,4,,,0,109,,1002,4,,,0,115,,1004,4,,,0,155,,1006,4,,,0,111,,1005,4,,,0
3100,'4480',727,,1008,4,,,0,31,,1009,4,,,0,70,,1010,4,,,0,105,,1011,4,,,0,107,,1012,4,,,0,109,,1013,4,,,0,109,,1014,4,,,0,154,,1015,4,,,0,97,,1016,4,,,0,39,,1017,4,,,0,74,,1018,4,,,0,34,,1019,4,,,0,77,,1020,4,,,0,76,,1021,4,,,0
1003100,'4327',730,,2119,4,,,0,102,,2111,4,,,0,102,,2109,4,,,0,107,,2113,4,,,0,110,,2110,4,,,0,150,,2108,4,,,0,114,,2114,4,,,0,115,,2115,4,,,0,111,,2112,4,,,0,181,,2116,4,,,0,120,,2117,4,,,0,104,,2118,4,,,0
1003100,'4332',731,,2133,4,,,0,101,,2122,4,,,0,100,,2121,4,,,0,108,,2120,4,,,0,110,,2128,4,,,0,151,,2132,4,,,0,114,,2125,4,,,0,114,,2129,4,,,0,111,,2126,4,,,0,111,,2127,4,,,0,75,,2123,4,,,0,115,,2124,4,,,0,102,,2131,4,,,0,99,,2130,4,,,0
1003100,'4480',640,,2138,4,,,0,69,,2139,4,,,0,30,,2140,4,,,0,68,,2141,4,,,0,50,,2142,4,,,0,146,,2143,4,,,0,109,,2144,4,,,0,108,,2145,4,,,0,115,,2146,4,,,0,110,,2147,4,,,0,80,,2148,4,,,0,34,,2135,4,,,0,76,,2136,4,,,0,79,,2134,4,,,0,33,,2137,4,,,0,80,,2149,4,,,0,85,,2150,4,,,0,122,,2151,4,,,0,104,,2152,4,,,0,108,,2153,4,,,0
24003100,'4480',531,,2199,4,0,22 23 24 25,0,69,,2196,4,0,22 23 24 25,0,30,,2197,4,0,22 23 24 25,0,29,,2198,4,0,22 23 24 25,0
