401,'4327',625,,577,45,,,0,108,,564,45,,,0,100,,565,45,,,0,101,,566,45,,,0,100,,567,45,,,0,100,,568,45,,,0,101,,569,45,,,0,100,,570,45,,,0,100,,571,45,,,0,100,,572,45,,,0,100,,573,45,,,0,100,,574,45,,,0,100,,575,45,,,0,100,,576,45,,,0
401,'4332',626,,590,45,,,0,108,,593,45,,,0,100,,594,45,,,0,100,,578,45,,,0,101,,579,45,,,0,101,,591,45,,,0,100,,589,45,,,0,100,,588,45,,,0,100,,587,45,,,0,100,,583,45,,,0,100,,586,45,,,0,100,,585,45,,,0,99,,584,45,,,0,100,,582,45,,,0,100,,581,45,,,0,99,,580,45,,,0,122,,592,45,,,0
401,'4480',625,,613,45,,,0,110,,610,45,,,0,17,,604,45,,,0,86,,605,45,,,0,97,,606,45,,,0,100,,607,45,,,0,101,,608,45,,,0,100,,609,45,,,0,100,,611,45,,,0,103,,612,45,,,0,63,,599,45,,,0,35,,600,45,,,0,102,,601,45,,,0,99,,602,45,,,0,98,,603,45,,,0,100,,596,45,,,0,99,,597,45,,,0,99,,598,45,,,0,121,,595,45,,,0
1501,'4332',953,,900,45,,,0,171,,901,45,,,0,429,,902,45,,,0,171,,903,45,,,0
1501,'4480',648,,907,45,,,0,83,,909,45,,,0,124,,906,45,,,0,680,,908,45,,,0,206,,905,45,,,0,88,,904,45,,,0
3101,'4327',814,,1028,10,,,0,208,,1025,10,,,0,220,,1022,10,,,0,110,,1026,10,,,0,154,,1024,10,,,0,115,,1027,10,,,0,109,,1023,10,,,0
3101,'4332',813,,1032,10,,,0,104,,1031,10,,,0,103,,1029,10,,,0,112,,1036,10,,,0,110,,1037,10,,,0,110,,1030,10,,,0,155,,1035,10,,,0,115,,1033,10,,,0,110,,1034,10,,,0,108,,1038,10,,,0
3101,'4480',641,,1039,10,,,0,83,,1040,10,,,0,31,,1042,10,,,0,72,,1043,10,,,0,32,,1041,10,,,0,87,,1045,10,,,0,106,,1046,10,,,0,150,,1047,10,,,0,110,,1044,10,,,0,116,,1048,10,,,0,117,,1049,10,,,0,79,,1051,10,,,0,35,,1052,10,,,0,76,,1053,10,,,0,72,,1050,10,,,0,31,,1054,10,,,0,18,,1055,10,,,0
1003101,'4327',919,,2161,13,,,0,214,,2160,13,,,0,75,,2154,13,,,0,110,,2156,13,,,0,110,,2157,13,,,0,114,,2158,13,,,0,115,,2159,13,,,0,150,,2155,13,,,0,109,,2162,13,,,0,115,,2163,13,,,0,99,,2164,13,,,0
1003101,'4332',847,,2170,13,,,0,105,,2176,13,,,0,106,,2165,13,,,0,151,,2166,13,,,0,110,,2167,13,,,0,110,,2169,13,,,0,115,,2174,13,,,0,115,,2172,13,,,0,149,,2171,13,,,0,109,,2168,13,,,0,115,,2173,13,,,0,100,,2175,13,,,0
1003101,'4480',711,,2177,13,,,0,31,,2178,13,,,0,72,,2179,13,,,0,32,,2180,13,,,0,72,,2181,13,,,0,102,,2182,13,,,0,109,,2183,13,,,0,110,,2184,13,,,0,110,,2185,13,,,0,158,,2186,13,,,0,100,,2187,13,,,0,38,,2188,13,,,0,74,,2189,13,,,0,34,,2190,13,,,0,71,,2191,13,,,0,91,,2192,13,,,0,90,,2193,13,,,0,121,,2194,13,,,0,109,,2195,13,,,0
