300,'4327',628,,423,2,,,0,95,,424,2,,,0,88,,437,2,,,0,92,,426,2,,,0,50,,427,2,,,0,97,,428,2,,,0,94,,425,2,,,0,99,,429,2,,,0,101,,430,2,,,0,100,,431,2,,,0,100,,432,2,,,0,104,,433,2,,,0,100,,434,2,,,0,96,,435,2,,,0,100,,436,2,,,0
300,'4332',559,,462,2,,,0,90,,461,2,,,0,98,,463,2,,,0,87,,438,2,,,0,67,,439,2,,,0,40,,440,2,,,0,75,,442,2,,,0,29,,443,2,,,0,75,,444,2,,,0,35,,441,2,,,0,73,,445,2,,,0,79,,446,2,,,0,35,,447,2,,,0,75,,448,2,,,0,41,,449,2,,,0,75,,450,2,,,0,71,,451,2,,,0,36,,452,2,,,0,76,,453,2,,,0,36,,454,2,,,0,86,,455,2,,,0,75,,456,2,,,0,36,,457,2,,,0,90,,458,2,,,0,102,,459,2,,,0,101,,460,2,,,0
300,'4480',544,,465,2,,,0,70,,466,2,,,0,28,,467,2,,,0,74,,468,2,,,0,33,,469,2,,,0,74,,470,2,,,0,34,,471,2,,,0,76,,472,2,,,0,74,,473,2,,,0,35,,464,2,,,0,74,,474,2,,,0,34,,475,2,,,0,75,,476,2,,,0,75,,477,2,,,0,40,,478,2,,,0,71,,479,2,,,0,36,,480,2,,,0,81,,481,2,,,0,76,,482,2,,,0,33,,483,2,,,0,79,,484,2,,,0,38,,485,2,,,0,77,,487,2,,,0,76,,486,2,,,0,30,,488,2,,,0,102,,489,2,,,0,102,,490,2,,,0,104,,491,2,,,0
500,'4327',636,,614,2,,,0,102,,615,2,,,0,96,,616,2,,,0,92,,628,2,,,0,96,,617,2,,,0,90,,618,2,,,0,102,,620,2,,,0,96,,621,2,,,0,101,,622,2,,,0,102,,619,2,,,0,100,,623,2,,,0,97,,624,2,,,0,104,,625,2,,,0,95,,626,2,,,0,93,,627,2,,,0
500,'4332',612,,653,2,,,0,95,,652,2,,,0,52,,651,2,,,0,141,,654,2,,,0,52,,629,2,,,0,73,,630,2,,,0,80,,631,2,,,0,37,,632,2,,,0,70,,634,2,,,0,35,,635,2,,,0,75,,636,2,,,0,35,,633,2,,,0,80,,637,2,,,0,77,,638,2,,,0,35,,639,2,,,0,80,,640,2,,,0,75,,641,2,,,0,28,,642,2,,,0,75,,643,2,,,0,34,,644,2,,,0,73,,645,2,,,0,43,,646,2,,,0,75,,647,2,,,0,75,,648,2,,,0,48,,649,2,,,0,99,,650,2,,,0
500,'4480',609,,655,2,,,0,43,,656,2,,,0,77,,657,2,,,0,75,,658,2,,,0,35,,659,2,,,0,75,,660,2,,,0,35,,661,2,,,0,75,,662,2,,,0,35,,663,2,,,0,76,,664,2,,,0,76,,665,2,,,0,37,,666,2,,,0,75,,667,2,,,0,36,,668,2,,,0,76,,669,2,,,0,83,,670,2,,,0,32,,671,2,,,0,76,,672,2,,,0,81,,673,2,,,0,35,,674,2,,,0,72,,675,2,,,0,30,,676,2,,,0,74,,677,2,,,0,33,,678,2,,,0,75,,679,2,,,0,29,,680,2,,,0,99,,681,2,,,0,99,,682,2,,,0
1701,'4480',647,,919,30,,,0,75,,920,30,,,0,95,,921,30,,,0,725,,915,30,,,0,86,,916,30,,,0,85,,917,30,,,0,41,,918,30,,,0,84,,914,30,,,0
2100,'4327',852,,929,21,,,0,100,,930,21,,,0,173,,922,21,,,0,131,,924,21,,,0,170,,923,21,,,0,177,,925,21,,,0,128,,926,21,,,0,169,,927,21,,,0,130,,928,21,,,0
2100,'4332',815,,938,21,,,0,131,,940,21,,,0,180,,939,21,,,0,182,,934,21,,,0,117,,935,21,,,0,104,,936,21,,,0,99,,937,21,,,0,100,,932,21,,,0,174,,933,21,,,0,133,,931,21,,,0
2100,'4480',651,,952,21,,,0,86,,948,21,,,0,84,,949,21,,,0,91,,950,21,,,0,45,,951,21,,,0,78,,953,21,,,0,95,,947,21,,,0,128,,945,21,,,0,169,,946,21,,,0,285,,944,21,,,0,45,,942,21,,,0,144,,943,21,,,0,120,,941,21,,,0
2400,'4480',1443,,989,9,0,5 6 7 8,0
1002100,'4480',1540,,2105,26,,,0,75,,2106,26,,,0
