3100,'4327',1028,,999,15,,,0,109,,993,15,,,0,110,,994,15,,,0,110,,995,15,,,0,155,,996,15,,,0,115,,998,15,,,0,110,,997,15,,,0
3100,'4332',922,,1003,15,,,0,105,,1007,15,,,0,110,,1001,15,,,0,110,,1000,15,,,0,110,,1002,15,,,0,155,,1004,15,,,0,115,,1006,15,,,0,110,,1005,15,,,0
3100,'4480',745,,1008,15,,,0,72,,1009,15,,,0,31,,1010,15,,,0,103,,1011,15,,,0,108,,1012,15,,,0,150,,1013,15,,,0,110,,1014,15,,,0,114,,1015,15,,,0,99,,1016,15,,,0,78,,1017,15,,,0,35,,1018,15,,,0,75,,1019,15,,,0,34,,1020,15,,,0,75,,1021,15,,,0
3201,'4327',815,,1070,30,,,0,106,,1069,30,,,0,104,,1064,30,,,0,33,,1071,30,,,0,76,,1058,30,,,0,76,,1057,30,,,0,35,,1065,30,,,0,75,,1056,30,,,0,35,,1066,30,,,0,75,,1061,30,,,0,81,,1067,30,,,0,35,,1062,30,,,0,78,,1063,30,,,0,35,,1060,30,,,0,74,,1068,30,,,0,74,,1059,30,,,0,110,,1072,30,,,0,115,,1073,30,,,0
3201,'4332',816,,1085,30,,,0,30,,1076,30,,,0,75,,1096,30,,,0,32,,1074,30,,,0,70,,1077,30,,,0,36,,1082,30,,,0,75,,1075,30,,,0,77,,1094,30,,,0,35,,1079,30,,,0,75,,1078,30,,,0,35,,1083,30,,,0,75,,1080,30,,,0,80,,1095,30,,,0,35,,1084,30,,,0,80,,1081,30,,,0,75,,1090,30,,,0,33,,1086,30,,,0,75,,1097,30,,,0,34,,1087,30,,,0,74,,1089,30,,,0,85,,1088,30,,,0,29,,1092,30,,,0,70,,1091,30,,,0,130,,1093,30,,,0
3201,'4480',610,,1099,30,,,0,30,,1100,30,,,0,71,,1101,30,,,0,33,,1098,30,,,0,70,,1102,30,,,0,32,,1103,30,,,0,73,,1104,30,,,0,30,,1105,30,,,0,73,,1106,30,,,0,33,,1107,30,,,0,76,,1108,30,,,0,75,,1109,30,,,0,35,,1110,30,,,0,75,,1111,30,,,0,36,,1112,30,,,0,81,,1113,30,,,0,77,,1114,30,,,0,41,,1115,30,,,0,77,,1116,30,,,0,75,,1117,30,,,0,37,,1118,30,,,0,70,,1119,30,,,0,31,,1120,30,,,0,78,,1121,30,,,0,86,,1122,30,,,0,26,,1123,30,,,0,95,,1124,30,,,0,104,,1125,30,,,0
3301,'4327',844,,1134,27,,,0,108,,1139,27,,,0,151,,1127,27,,,0,35,,1126,27,,,0,75,,1132,27,,,0,35,,1128,27,,,0,75,,1131,27,,,0,35,,1135,27,,,0,75,,1133,27,,,0,80,,1137,27,,,0,35,,1130,27,,,0,75,,1136,27,,,0,34,,1129,27,,,0,75,,1138,27,,,0,109,,1140,27,,,0,159,,1142,27,,,0,59,,1141,27,,,0
3301,'4332',814,,1147,27,,,0,30,,1161,27,,,0,73,,1143,27,,,0,34,,1145,27,,,0,75,,1150,27,,,0,75,,1144,27,,,0,36,,1163,27,,,0,75,,1146,27,,,0,35,,1149,27,,,0,76,,1157,27,,,0,35,,1148,27,,,0,75,,1160,27,,,0,80,,1152,27,,,0,35,,1151,27,,,0,75,,1158,27,,,0,35,,1155,27,,,0,74,,1162,27,,,0,75,,1154,27,,,0,35,,1156,27,,,0,158,,1153,27,,,0,100,,1159,27,,,0
3301,'4480',610,,1164,27,,,0,30,,1165,27,,,0,72,,1166,27,,,0,32,,1167,27,,,0,72,,1168,27,,,0,32,,1170,27,,,0,71,,1190,27,,,0,30,,1171,27,,,0,71,,1172,27,,,0,38,,1169,27,,,0,75,,1173,27,,,0,76,,1174,27,,,0,35,,1175,27,,,0,75,,1176,27,,,0,35,,1177,27,,,0,82,,1178,27,,,0,75,,1191,27,,,0,43,,1179,27,,,0,72,,1180,27,,,0,75,,1181,27,,,0,37,,1188,27,,,0,71,,1182,27,,,0,31,,1183,27,,,0,78,,1184,27,,,0,86,,1185,27,,,0,27,,1186,27,,,0,25,,1187,27,,,0,68,,1189,27,,,0
3900,'4480',642,,1292,7,0,46 47 21,0
1003100,'4327',750,,2119,18,,,0,102,,2111,18,,,0,103,,2109,18,,,0,147,,2113,18,,,0,110,,2110,18,,,0,110,,2108,18,,,0,115,,2114,18,,,0,115,,2115,18,,,0,150,,2112,18,,,0,141,,2116,18,,,0,160,,2117,18,,,0,103,,2118,18,,,0
1003100,'4332',751,,2133,18,,,0,101,,2122,18,,,0,100,,2121,18,,,0,150,,2120,18,,,0,110,,2128,18,,,0,110,,2132,18,,,0,115,,2125,18,,,0,115,,2129,18,,,0,150,,2126,18,,,0,110,,2127,18,,,0,35,,2123,18,,,0,155,,2124,18,,,0,101,,2131,18,,,0,99,,2130,18,,,0
1003100,'4480',701,,2138,18,,,0,29,,2139,18,,,0,71,,2140,18,,,0,30,,2141,18,,,0,88,,2142,18,,,0,105,,2143,18,,,0,110,,2144,18,,,0,110,,2145,18,,,0,115,,2146,18,,,0,153,,2147,18,,,0,40,,2148,18,,,0,75,,2135,18,,,0,76,,2136,18,,,0,35,,2134,18,,,0,72,,2137,18,,,0,39,,2149,18,,,0,85,,2150,18,,,0,121,,2151,18,,,0,103,,2152,18,,,0,148,,2153,18,,,0
24003100,'4480',547,,2199,14,0,22 23 24 25,0,70,,2196,14,0,22 23 24 25,0,30,,2197,14,0,22 23 24 25,0,69,,2198,14,0,22 23 24 25,0
