101,'4327',625,,109,21,,,0,80,,110,21,,,0,45,,111,21,,,0,80,,112,21,,,0,79,,113,21,,,0,38,,114,21,,,0,94,,115,21,,,0,88,,116,21,,,0,85,,117,21,,,0,40,,118,21,,,0,80,,119,21,,,0,79,,120,21,,,0,40,,121,21,,,0,80,,122,21,,,0,80,,123,21,,,0,40,,124,21,,,0,81,,125,21,,,0,81,,126,21,,,0,41,,127,21,,,0,80,,128,21,,,0,81,,129,21,,,0,83,,130,21,,,0
101,'4332',625,,132,21,,,0,75,,131,21,,,0,30,,133,21,,,0,72,,134,21,,,0,28,,135,21,,,0,75,,136,21,,,0,43,,137,21,,,0,74,,138,21,,,0,32,,139,21,,,0,69,,140,21,,,0,29,,141,21,,,0,67,,142,21,,,0,29,,143,21,,,0,70,,144,21,,,0,30,,145,21,,,0,70,,146,21,,,0,30,,147,21,,,0,70,,148,21,,,0,30,,149,21,,,0,70,,150,21,,,0,30,,151,21,,,0,69,,152,21,,,0,28,,153,21,,,0,69,,154,21,,,0,38,,155,21,,,0,79,,156,21,,,0,77,,157,21,,,0,35,,158,21,,,0,76,,159,21,,,0,35,,160,21,,,0,72,,162,21,,,0,75,,161,21,,,0
101,'4480',550,,164,21,,,0,66,,165,21,,,0,30,,166,21,,,0,69,,167,21,,,0,23,,163,21,,,0,14,,168,21,,,0,56,,169,21,,,0,22,,170,21,,,0,21,,171,21,,,0,63,,172,21,,,0,21,,173,21,,,0,21,,174,21,,,0,62,,175,21,,,0,22,,176,21,,,0,62,,177,21,,,0,22,,178,21,,,0,22,,179,21,,,0,62,,180,21,,,0,21,,181,21,,,0,23,,182,21,,,0,65,,183,21,,,0,26,,184,21,,,0,60,,185,21,,,0,24,,186,21,,,0,18,,187,21,,,0,56,,188,21,,,0,16,,189,21,,,0,15,,190,21,,,0,15,,191,21,,,0,54,,192,21,,,0,15,,193,21,,,0,15,,194,21,,,0,15,,195,21,,,0,55,,196,21,,,0,15,,197,21,,,0,13,,198,21,,,0,14,,199,21,,,0,12,,200,21,,,0,62,,201,21,,,0,20,,202,21,,,0,20,,203,21,,,0,59,,211,21,,,0,29,,204,21,,,0,65,,205,21,,,0,23,,206,21,,,0,67,,212,21,,,0,24,,207,21,,,0,30,,208,21,,,0,74,,209,21,,,0,73,,210,21,,,0
201,'4327',618,,316,22,,,0,40,,317,22,,,0,79,,318,22,,,0,80,,319,22,,,0,86,,320,22,,,0,46,,321,22,,,0,79,,322,22,,,0,83,,323,22,,,0,37,,336,22,,,0,80,,324,22,,,0,79,,325,22,,,0,38,,326,22,,,0,80,,327,22,,,0,80,,328,22,,,0,40,,329,22,,,0,80,,330,22,,,0,80,,331,22,,,0,41,,333,22,,,0,79,,332,22,,,0,80,,334,22,,,0,39,,335,22,,,0,85,,338,22,,,0,98,,337,22,,,0
201,'4332',602,,340,22,,,0,31,,341,22,,,0,68,,342,22,,,0,35,,343,22,,,0,75,,344,22,,,0,34,,339,22,,,0,71,,345,22,,,0,34,,346,22,,,0,78,,347,22,,,0,30,,348,22,,,0,70,,349,22,,,0,29,,350,22,,,0,70,,352,22,,,0,28,,353,22,,,0,69,,354,22,,,0,29,,351,22,,,0,70,,355,22,,,0,30,,356,22,,,0,70,,357,22,,,0,31,,358,22,,,0,70,,359,22,,,0,26,,360,22,,,0,70,,361,22,,,0,30,,363,22,,,0,76,,364,22,,,0,76,,365,22,,,0,36,,362,22,,,0,75,,366,22,,,0,37,,368,22,,,0,75,,367,22,,,0,75,,369,22,,,0,36,,370,22,,,0
201,'4480',514,,371,22,,,0,35,,372,22,,,0,80,,373,22,,,0,75,,374,22,,,0,17,,375,22,,,0,15,,376,22,,,0,15,,377,22,,,0,56,,378,22,,,0,18,,379,22,,,0,18,,380,22,,,0,57,,381,22,,,0,20,,382,22,,,0,17,,383,22,,,0,20,,384,22,,,0,61,,385,22,,,0,22,,386,22,,,0,63,,387,22,,,0,26,,388,22,,,0,21,,389,22,,,0,62,,390,22,,,0,22,,391,22,,,0,23,,392,22,,,0,62,,393,22,,,0,23,,394,22,,,0,60,,395,22,,,0,23,,396,22,,,0,15,,397,22,,,0,17,,399,22,,,0,56,,400,22,,,0,14,,401,22,,,0,18,,402,22,,,0,14,,403,22,,,0,54,,405,22,,,0,13,,404,22,,,0,14,,406,22,,,0,15,,407,22,,,0,55,,408,22,,,0,16,,409,22,,,0,22,,410,22,,,0,61,,411,22,,,0,25,,412,22,,,0,24,,420,22,,,0,65,,413,22,,,0,24,,414,22,,,0,64,,415,22,,,0,27,,421,22,,,0,64,,416,22,,,0,29,,417,22,,,0,72,,418,22,,,0,34,,419,22,,,0
1701,'4480',627,,919,3,0,10 12,0,75,,920,3,0,10 12,0,50,,921,3,0,10 12,0,766,,915,3,0,10 12,0,85,,916,3,0,10 12,0,45,,917,3,0,10 12,0,85,,918,3,0,10 12,0,85,,914,3,0,10 12,0
2101,'4327',802,,962,3,,,0,99,,954,3,,,0,133,,955,3,,,0,169,,956,3,,,0,129,,957,3,,,0,177,,958,3,,,0,129,,959,3,,,0,172,,960,3,,,0,130,,961,3,,,0
2101,'4332',725,,971,3,,,0,129,,972,3,,,0,179,,970,3,,,0,124,,966,3,,,0,167,,964,3,,,0,106,,965,3,,,0,101,,967,3,,,0,101,,968,3,,,0,169,,969,3,,,0,131,,963,3,,,0
2101,'4480',600,,984,3,,,0,44,,985,3,,,0,167,,983,3,,,0,91,,982,3,,,0,37,,986,3,,,0,95,,981,3,,,0,124,,974,3,,,0,167,,979,3,,,0,103,,975,3,,,0,74,,976,3,,,0,107,,980,3,,,0,49,,978,3,,,0,149,,973,3,,,0,122,,977,3,,,0
2201,'4480',742,,987,3,0,9 10 7 8,0,686,,988,3,0,9 10 7 8,0
1002101,'4480',719,,2107,3,,,0
