3101,'4327',756,,1028,2,,,0,247,,1025,2,,,0,218,,1022,2,,,0,110,,1026,2,,,0,115,,1024,2,,,0,155,,1027,2,,,0,110,,1023,2,,,0
3101,'4332',756,,1032,2,,,0,103,,1031,2,,,0,142,,1029,2,,,0,110,,1036,2,,,0,110,,1037,2,,,0,110,,1030,2,,,0,115,,1035,2,,,0,155,,1033,2,,,0,110,,1034,2,,,0,110,,1038,2,,,0
3101,'4480',621,,1039,2,,,0,85,,1040,2,,,0,30,,1042,2,,,0,71,,1043,2,,,0,32,,1041,2,,,0,87,,1045,2,,,0,105,,1046,2,,,0,110,,1047,2,,,0,110,,1044,2,,,0,155,,1048,2,,,0,114,,1049,2,,,0,81,,1051,2,,,0,36,,1052,2,,,0,76,,1053,2,,,0,34,,1050,2,,,0,71,,1054,2,,,0,18,,1055,2,,,0
3201,'4327',756,,1070,2,0,42 43,0,103,,1069,2,0,42 43,0,144,,1064,2,0,42 43,0,33,,1071,2,0,42 43,0,75,,1058,2,0,42 43,0,35,,1057,2,0,42 43,0,75,,1065,2,0,42 43,0,35,,1056,2,0,42 43,0,75,,1066,2,0,42 43,0,75,,1061,2,0,42 43,0,40,,1067,2,0,42 43,0,75,,1062,2,0,42 43,0,80,,1063,2,0,42 43,0,35,,1060,2,0,42 43,0,75,,1068,2,0,42 43,0,35,,1059,2,0,42 43,0,110,,1072,2,0,42 43,0,155,,1073,2,0,42 43,0
3201,'4332',756,,1085,2,0,42 43,0,70,,1076,2,0,42 43,0,33,,1096,2,0,42 43,0,72,,1074,2,0,42 43,0,70,,1077,2,0,42 43,0,35,,1082,2,0,42 43,0,75,,1075,2,0,42 43,0,35,,1094,2,0,42 43,0,75,,1079,2,0,42 43,0,35,,1078,2,0,42 43,0,75,,1083,2,0,42 43,0,75,,1080,2,0,42 43,0,40,,1095,2,0,42 43,0,75,,1084,2,0,42 43,0,80,,1081,2,0,42 43,0,35,,1090,2,0,42 43,0,75,,1086,2,0,42 43,0,35,,1097,2,0,42 43,0,75,,1087,2,0,42 43,0,35,,1089,2,0,42 43,0,85,,1088,2,0,42 43,0,70,,1092,2,0,42 43,0,30,,1091,2,0,42 43,0,170,,1093,2,0,42 43,0
3201,'4480',551,,1099,2,0,42 43,0,70,,1100,2,0,42 43,0,30,,1101,2,0,42 43,0,70,,1098,2,0,42 43,0,30,,1102,2,0,42 43,0,72,,1103,2,0,42 43,0,33,,1104,2,0,42 43,0,70,,1105,2,0,42 43,0,32,,1106,2,0,42 43,0,73,,1107,2,0,42 43,0,75,,1108,2,0,42 43,0,35,,1109,2,0,42 43,0,75,,1110,2,0,42 43,0,35,,1111,2,0,42 43,0,75,,1112,2,0,42 43,0,80,,1113,2,0,42 43,0,37,,1114,2,0,42 43,0,78,,1115,2,0,42 43,0,80,,1116,2,0,42 43,0,35,,1117,2,0,42 43,0,77,,1118,2,0,42 43,0,33,,1119,2,0,42 43,0,72,,1120,2,0,42 43,0,38,,1121,2,0,42 43,0,87,,1122,2,0,42 43,0,68,,1123,2,0,42 43,0,95,,1124,2,0,42 43,0,105,,1125,2,0,42 43,0
3501,'4327',842,,1254,6,,,0,395,,1253,6,,,0,280,,1257,6,,,0,225,,1255,6,,,0,160,,1256,6,,,0
3501,'4332',840,,1259,6,,,0,395,,1262,6,,,0,280,,1258,6,,,0,225,,1260,6,,,0,160,,1261,6,,,0
3501,'4480',712,,1267,6,,,0,29,,1268,6,,,0,65,,1269,6,,,0,34,,1270,6,,,0,395,,1265,6,,,0,303,,1266,6,,,0,298,,1264,6,,,0,119,,1263,6,,,0
3900,'4327',927,,1274,31,0,44 45,0,121,,1277,31,0,44 45,0,105,,1272,31,0,44 45,0,175,,1271,31,0,44 45,0,110,,1275,31,0,44 45,0,170,,1273,31,0,44 45,0,104,,1278,31,0,44 45,0,115,,1276,31,0,44 45,0
3900,'4332',932,,1280,31,0,44 45,0,120,,1281,31,0,44 45,0,106,,1279,31,0,44 45,0,175,,1282,31,0,44 45,0,110,,1284,31,0,44 45,0,170,,1283,31,0,44 45,0,104,,1286,31,0,44 45,0,114,,1285,31,0,44 45,0
3900,'4480',627,,1292,2,0,46 47 21,0,318,,1295,32,0,44 45,0,98,,1289,31,0,44 45,0,159,,1290,32,0,44 45,0,135,,1291,31,0,44 45,0,170,,1293,32,0,44 45,0,150,,1294,32,0,44 45,0,150,,1287,32,0,44 45,0,119,,1288,31,0,44 45,0
1003101,'4327',859,,2161,2,,,0,252,,2160,2,,,0,35,,2154,2,,,0,110,,2156,2,,,0,150,,2157,2,,,0,115,,2158,2,,,0,115,,2159,2,,,0,110,,2155,2,,,0,110,,2162,2,,,0,155,,2163,2,,,0,100,,2164,2,,,0
1003101,'4332',826,,2170,2,,,0,105,,2176,2,,,0,105,,2165,2,,,0,110,,2166,2,,,0,110,,2167,2,,,0,150,,2169,2,,,0,115,,2174,2,,,0,115,,2172,2,,,0,110,,2171,2,,,0,110,,2168,2,,,0,155,,2173,2,,,0,100,,2175,2,,,0
1003101,'4480',651,,2177,2,,,0,70,,2178,2,,,0,30,,2179,2,,,0,72,,2180,2,,,0,33,,2181,2,,,0,102,,2182,2,,,0,148,,2183,2,,,0,110,,2184,2,,,0,110,,2185,2,,,0,115,,2186,2,,,0,100,,2187,2,,,0,78,,2188,2,,,0,35,,2189,2,,,0,75,,2190,2,,,0,73,,2191,2,,,0,51,,2192,2,,,0,90,,2193,2,,,0,163,,2194,2,,,0,110,,2195,2,,,0
