100,'4327',617,,1,17,,,0,41,,2,17,,,0,80,,3,17,,,0,80,,4,17,,,0,40,,5,17,,,0,90,,6,17,,,0,87,,7,17,,,0,80,,8,17,,,0,44,,9,17,,,0,78,,22,17,,,0,80,,10,17,,,0,40,,11,17,,,0,81,,12,17,,,0,80,,13,17,,,0,40,,14,17,,,0,80,,15,17,,,0,79,,16,17,,,0,40,,17,17,,,0,80,,18,17,,,0,77,,19,17,,,0,39,,20,17,,,0,76,,21,17,,,0,85,,23,17,,,0,95,,24,17,,,0
100,'4332',611,,25,17,,,0,32,,26,17,,,0,70,,27,17,,,0,30,,28,17,,,0,75,,29,17,,,0,35,,30,17,,,0,77,,31,17,,,0,72,,33,17,,,0,36,,34,17,,,0,77,,32,17,,,0,31,,35,17,,,0,70,,36,17,,,0,30,,37,17,,,0,71,,38,17,,,0,30,,39,17,,,0,70,,40,17,,,0,30,,41,17,,,0,70,,42,17,,,0,30,,43,17,,,0,70,,44,17,,,0,30,,45,17,,,0,69,,46,17,,,0,24,,47,17,,,0,70,,48,17,,,0,30,,49,17,,,0,75,,50,17,,,0,34,,51,17,,,0,74,,52,17,,,0,35,,53,17,,,0,75,,54,17,,,0,75,,55,17,,,0,34,,56,17,,,0
100,'4480',527,,58,17,,,0,30,,59,17,,,0,72,,57,17,,,0,20,,61,17,,,0,62,,62,17,,,0,21,,60,17,,,0,15,,63,17,,,0,60,,64,17,,,0,17,,65,17,,,0,15,,66,17,,,0,15,,67,17,,,0,57,,69,17,,,0,18,,68,17,,,0,15,,70,17,,,0,60,,71,17,,,0,19,,72,17,,,0,20,,73,17,,,0,62,,74,17,,,0,22,,75,17,,,0,23,,76,17,,,0,67,,78,17,,,0,22,,77,17,,,0,62,,79,17,,,0,24,,80,17,,,0,23,,82,17,,,0,62,,81,17,,,0,23,,83,17,,,0,23,,84,17,,,0,64,,85,17,,,0,16,,86,17,,,0,14,,87,17,,,0,56,,88,17,,,0,14,,89,17,,,0,17,,90,17,,,0,14,,91,17,,,0,55,,92,17,,,0,14,,93,17,,,0,13,,94,17,,,0,14,,95,17,,,0,54,,96,17,,,0,17,,97,17,,,0,19,,98,17,,,0,20,,99,17,,,0,63,,100,17,,,0,23,,107,17,,,0,64,,101,17,,,0,24,,102,17,,,0,24,,103,17,,,0,65,,108,17,,,0,24,,104,17,,,0,68,,105,17,,,0,31,,106,17,,,0
200,'4327',620,,213,22,,,0,35,,214,22,,,0,81,,215,22,,,0,86,,216,22,,,0,80,,217,22,,,0,42,,218,22,,,0,82,,219,22,,,0,95,,220,22,,,0,89,,221,22,,,0,46,,222,22,,,0,81,,223,22,,,0,80,,224,22,,,0,40,,225,22,,,0,80,,226,22,,,0,80,,227,22,,,0,40,,228,22,,,0,79,,229,22,,,0,80,,230,22,,,0,39,,231,22,,,0,79,,232,22,,,0,80,,233,22,,,0,40,,235,22,,,0,78,,234,22,,,0
200,'4332',621,,236,22,,,0,35,,237,22,,,0,75,,238,22,,,0,71,,239,22,,,0,33,,240,22,,,0,71,,241,22,,,0,36,,242,22,,,0,84,,243,22,,,0,75,,244,22,,,0,33,,245,22,,,0,70,,247,22,,,0,30,,248,22,,,0,68,,249,22,,,0,30,,246,22,,,0,70,,250,22,,,0,30,,251,22,,,0,70,,252,22,,,0,29,,253,22,,,0,70,,254,22,,,0,30,,256,22,,,0,69,,257,22,,,0,30,,255,22,,,0,28,,258,22,,,0,67,,259,22,,,0,29,,260,22,,,0,76,,261,22,,,0,78,,262,22,,,0,35,,263,22,,,0,75,,264,22,,,0,34,,265,22,,,0,74,,266,22,,,0
200,'4480',546,,267,22,,,0,76,,268,22,,,0,27,,269,22,,,0,72,,270,22,,,0,17,,271,22,,,0,15,,272,22,,,0,69,,273,22,,,0,12,,274,22,,,0,15,,275,22,,,0,60,,276,22,,,0,20,,277,22,,,0,22,,278,22,,,0,61,,279,22,,,0,22,,280,22,,,0,22,,281,22,,,0,63,,282,22,,,0,22,,283,22,,,0,62,,284,22,,,0,23,,285,22,,,0,22,,286,22,,,0,61,,287,22,,,0,23,,288,22,,,0,26,,289,22,,,0,68,,290,22,,,0,25,,291,22,,,0,62,,292,22,,,0,16,,293,22,,,0,16,,294,22,,,0,56,,295,22,,,0,14,,296,22,,,0,15,,297,22,,,0,14,,298,22,,,0,15,,299,22,,,0,55,,300,22,,,0,15,,301,22,,,0,15,,302,22,,,0,15,,303,22,,,0,61,,304,22,,,0,15,,305,22,,,0,20,,306,22,,,0,59,,307,22,,,0,20,,308,22,,,0,19,,314,22,,,0,69,,309,22,,,0,24,,310,22,,,0,64,,311,22,,,0,24,,315,22,,,0,23,,312,22,,,0,70,,313,22,,,0
1701,'4480',649,,919,34,,,0,75,,920,34,,,0,96,,921,34,,,0,726,,915,34,,,0,85,,916,34,,,0,85,,917,34,,,0,41,,918,34,,,0,83,,914,34,,,0
2100,'4327',855,,929,25,,,0,100,,930,25,,,0,173,,922,25,,,0,131,,924,25,,,0,170,,923,25,,,0,177,,925,25,,,0,128,,926,25,,,0,168,,927,25,,,0,130,,928,25,,,0
2100,'4332',817,,938,25,,,0,132,,940,25,,,0,180,,939,25,,,0,182,,934,25,,,0,117,,935,25,,,0,104,,936,25,,,0,99,,937,25,,,0,100,,932,25,,,0,173,,933,25,,,0,133,,931,25,,,0
2100,'4480',653,,952,25,,,0,87,,948,25,,,0,84,,949,25,,,0,91,,950,25,,,0,85,,951,25,,,0,38,,953,25,,,0,95,,947,25,,,0,168,,945,25,,,0,129,,946,25,,,0,286,,944,25,,,0,84,,942,25,,,0,103,,943,25,,,0,120,,941,25,,,0
2400,'4480',1445,,989,13,0,5 6 7 8,0
1002100,'4480',1543,,2105,30,,,0,75,,2106,30,,,0
