300,'4327',638,,423,18,,,0,95,,424,18,,,0,89,,437,18,,,0,93,,426,18,,,0,90,,427,18,,,0,98,,428,18,,,0,55,,425,18,,,0,99,,429,18,,,0,101,,430,18,,,0,100,,431,18,,,0,100,,432,18,,,0,144,,433,18,,,0,98,,434,18,,,0,56,,435,18,,,0,100,,436,18,,,0
300,'4332',608,,462,18,,,0,50,,461,18,,,0,99,,463,18,,,0,88,,438,18,,,0,68,,439,18,,,0,40,,440,18,,,0,75,,442,18,,,0,30,,443,18,,,0,75,,444,18,,,0,75,,441,18,,,0,34,,445,18,,,0,80,,446,18,,,0,35,,447,18,,,0,75,,448,18,,,0,81,,449,18,,,0,35,,450,18,,,0,70,,451,18,,,0,35,,452,18,,,0,76,,453,18,,,0,75,,454,18,,,0,46,,455,18,,,0,75,,456,18,,,0,76,,457,18,,,0,50,,458,18,,,0,101,,459,18,,,0,101,,460,18,,,0
300,'4480',555,,465,18,,,0,70,,466,18,,,0,29,,467,18,,,0,74,,468,18,,,0,74,,469,18,,,0,35,,470,18,,,0,75,,471,18,,,0,35,,472,18,,,0,75,,473,18,,,0,35,,464,18,,,0,75,,474,18,,,0,74,,475,18,,,0,35,,476,18,,,0,75,,477,18,,,0,40,,478,18,,,0,72,,479,18,,,0,76,,480,18,,,0,40,,481,18,,,0,76,,482,18,,,0,34,,483,18,,,0,78,,484,18,,,0,76,,485,18,,,0,36,,487,18,,,0,75,,486,18,,,0,30,,488,18,,,0,101,,489,18,,,0,102,,490,18,,,0,103,,491,18,,,0
301,'4327',627,,495,30,,,0,101,,496,30,,,0,96,,498,30,,,0,92,,507,30,,,0,96,,493,30,,,0,90,,499,30,,,0,101,,500,30,,,0,56,,497,30,,,0,141,,501,30,,,0,101,,502,30,,,0,100,,503,30,,,0,58,,504,30,,,0,144,,505,30,,,0,56,,506,30,,,0,93,,492,30,,,0
301,'4332',602,,533,30,,,0,55,,532,30,,,0,92,,531,30,,,0,101,,534,30,,,0,92,,508,30,,,0,71,,509,30,,,0,40,,510,30,,,0,77,,511,30,,,0,70,,512,30,,,0,35,,513,30,,,0,75,,514,30,,,0,35,,515,30,,,0,80,,516,30,,,0,76,,517,30,,,0,35,,518,30,,,0,80,,519,30,,,0,35,,520,30,,,0,69,,521,30,,,0,35,,522,30,,,0,74,,523,30,,,0,74,,524,30,,,0,44,,525,30,,,0,75,,526,30,,,0,35,,527,30,,,0,88,,528,30,,,0,99,,529,30,,,0
301,'4480',600,,536,30,,,0,43,,537,30,,,0,77,,538,30,,,0,33,,539,30,,,0,75,,540,30,,,0,75,,541,30,,,0,35,,542,30,,,0,75,,543,30,,,0,35,,535,30,,,0,76,,544,30,,,0,76,,545,30,,,0,35,,546,30,,,0,75,,547,30,,,0,36,,548,30,,,0,75,,549,30,,,0,82,,550,30,,,0,34,,551,30,,,0,76,,552,30,,,0,41,,553,30,,,0,75,,554,30,,,0,72,,555,30,,,0,32,,556,30,,,0,75,,557,30,,,0,33,,558,30,,,0,75,,559,30,,,0,29,,560,30,,,0,99,,561,30,,,0,99,,562,30,,,0
601,'4327',546,,750,3,,,0,110,,751,3,,,0,145,,752,3,,,0,105,,753,3,,,0,45,,755,3,,,0,100,,756,3,,,0,90,,757,3,,,0,101,,754,3,,,0,100,,758,3,,,0,100,,759,3,,,0,100,,760,3,,,0,99,,761,3,,,0,105,,762,3,,,0,160,,763,3,,,0,110,,764,3,,,0
601,'4332',551,,767,3,,,0,100,,768,3,,,0,100,,766,3,,,0,95,,769,3,,,0,100,,770,3,,,0,100,,771,3,,,0,95,,772,3,,,0,101,,773,3,,,0,100,,774,3,,,0,100,,775,3,,,0,100,,776,3,,,0,100,,777,3,,,0,105,,778,3,,,0,104,,779,3,,,0,95,,780,3,,,0,110,,781,3,,,0,155,,782,3,,,0,110,,765,3,,,0
601,'4480',545,,793,3,,,0,78,,794,3,,,0,77,,796,3,,,0,37,,797,3,,,0,80,,798,3,,,0,85,,795,3,,,0,35,,799,3,,,0,115,,800,3,,,0,160,,801,3,,,0,125,,802,3,,,0,83,,803,3,,,0,87,,785,3,,,0,48,,786,3,,,0,82,,787,3,,,0,80,,789,3,,,0,85,,790,3,,,0,43,,791,3,,,0,102,,788,3,,,0,109,,792,3,,,0,155,,783,3,,,0,110,,784,3,,,0
2401,'4480',737,,990,3,0,5 6 7 8,0
3100,'4327',1009,,999,3,,,0,109,,993,3,,,0,109,,994,3,,,0,110,,995,3,,,0,115,,996,3,,,0,156,,998,3,,,0,110,,997,3,,,0
3100,'4332',903,,1003,3,,,0,105,,1007,3,,,0,110,,1001,3,,,0,109,,1000,3,,,0,110,,1002,3,,,0,115,,1004,3,,,0,155,,1006,3,,,0,110,,1005,3,,,0
3100,'4480',726,,1008,3,,,0,31,,1009,3,,,0,71,,1010,3,,,0,104,,1011,3,,,0,107,,1012,3,,,0,110,,1013,3,,,0,109,,1014,3,,,0,154,,1015,3,,,0,96,,1016,3,,,0,40,,1017,3,,,0,74,,1018,3,,,0,34,,1019,3,,,0,76,,1020,3,,,0,76,,1021,3,,,0
1003100,'4327',729,,2119,3,,,0,102,,2111,3,,,0,102,,2109,3,,,0,107,,2113,3,,,0,110,,2110,3,,,0,150,,2108,3,,,0,114,,2114,3,,,0,115,,2115,3,,,0,111,,2112,3,,,0,181,,2116,3,,,0,120,,2117,3,,,0,104,,2118,3,,,0
1003100,'4332',731,,2133,3,,,0,100,,2122,3,,,0,100,,2121,3,,,0,109,,2120,3,,,0,110,,2128,3,,,0,150,,2132,3,,,0,115,,2125,3,,,0,114,,2129,3,,,0,111,,2126,3,,,0,110,,2127,3,,,0,75,,2123,3,,,0,115,,2124,3,,,0,102,,2131,3,,,0,100,,2130,3,,,0
1003100,'4480',639,,2138,3,,,0,69,,2139,3,,,0,30,,2140,3,,,0,68,,2141,3,,,0,50,,2142,3,,,0,146,,2143,3,,,0,109,,2144,3,,,0,109,,2145,3,,,0,115,,2146,3,,,0,109,,2147,3,,,0,81,,2148,3,,,0,34,,2135,3,,,0,76,,2136,3,,,0,79,,2134,3,,,0,32,,2137,3,,,0,80,,2149,3,,,0,85,,2150,3,,,0,122,,2151,3,,,0,104,,2152,3,,,0,109,,2153,3,,,0
24003100,'4480',531,,2199,3,0,22 23 24 25,0,69,,2196,3,0,22 23 24 25,0,29,,2197,3,0,22 23 24 25,0,29,,2198,3,0,22 23 24 25,0
