200,'4327',625,,213,33,,,0,75,,214,33,,,0,41,,215,33,,,0,86,,216,33,,,0,81,,217,33,,,0,43,,218,33,,,0,82,,219,33,,,0,96,,220,33,,,0,90,,221,33,,,0,86,,222,33,,,0,41,,223,33,,,0,80,,224,33,,,0,80,,225,33,,,0,40,,226,33,,,0,80,,227,33,,,0,80,,228,33,,,0,38,,229,33,,,0,80,,230,33,,,0,79,,231,33,,,0,38,,232,33,,,0,79,,233,33,,,0,80,,235,33,,,0,38,,234,33,,,0
200,'4332',626,,236,33,,,0,75,,237,33,,,0,35,,238,33,,,0,72,,239,33,,,0,33,,240,33,,,0,71,,241,33,,,0,37,,242,33,,,0,84,,243,33,,,0,76,,244,33,,,0,33,,245,33,,,0,71,,247,33,,,0,30,,248,33,,,0,68,,249,33,,,0,30,,246,33,,,0,70,,250,33,,,0,30,,251,33,,,0,70,,252,33,,,0,29,,253,33,,,0,70,,254,33,,,0,30,,256,33,,,0,69,,257,33,,,0,29,,255,33,,,0,68,,258,33,,,0,27,,259,33,,,0,68,,260,33,,,0,35,,261,33,,,0,78,,262,33,,,0,35,,263,33,,,0,75,,264,33,,,0,34,,265,33,,,0,73,,266,33,,,0
200,'4480',552,,267,33,,,0,76,,268,33,,,0,28,,269,33,,,0,72,,270,33,,,0,18,,271,33,,,0,55,,272,33,,,0,29,,273,33,,,0,12,,274,33,,,0,15,,275,33,,,0,60,,276,33,,,0,21,,277,33,,,0,62,,278,33,,,0,21,,279,33,,,0,23,,280,33,,,0,62,,281,33,,,0,23,,282,33,,,0,22,,283,33,,,0,62,,284,33,,,0,23,,285,33,,,0,22,,286,33,,,0,61,,287,33,,,0,23,,288,33,,,0,66,,289,33,,,0,28,,290,33,,,0,65,,291,33,,,0,22,,292,33,,,0,16,,293,33,,,0,16,,294,33,,,0,56,,295,33,,,0,14,,296,33,,,0,15,,297,33,,,0,14,,298,33,,,0,55,,299,33,,,0,15,,300,33,,,0,15,,301,33,,,0,14,,302,33,,,0,55,,303,33,,,0,21,,304,33,,,0,14,,305,33,,,0,60,,306,33,,,0,19,,307,33,,,0,20,,308,33,,,0,59,,314,33,,,0,28,,309,33,,,0,23,,310,33,,,0,64,,311,33,,,0,24,,315,33,,,0,63,,312,33,,,0,30,,313,33,,,0
501,'4327',619,,684,5,,,0,95,,683,5,,,0,87,,697,5,,,0,52,,685,5,,,0,90,,686,5,,,0,96,,687,5,,,0,94,,688,5,,,0,99,,689,5,,,0,100,,691,5,,,0,100,,692,5,,,0,100,,693,5,,,0,104,,690,5,,,0,100,,694,5,,,0,97,,695,5,,,0,100,,696,5,,,0
501,'4332',640,,721,5,,,0,98,,722,5,,,0,86,,700,5,,,0,27,,701,5,,,0,80,,698,5,,,0,74,,699,5,,,0,29,,702,5,,,0,75,,703,5,,,0,35,,704,5,,,0,73,,705,5,,,0,38,,706,5,,,0,75,,707,5,,,0,75,,708,5,,,0,41,,709,5,,,0,75,,710,5,,,0,31,,711,5,,,0,76,,712,5,,,0,76,,713,5,,,0,36,,714,5,,,0,86,,715,5,,,0,76,,716,5,,,0,36,,718,5,,,0,91,,719,5,,,0,102,,720,5,,,0,101,,717,5,,,0
501,'4480',605,,723,5,,,0,26,,724,5,,,0,74,,725,5,,,0,32,,726,5,,,0,73,,727,5,,,0,35,,729,5,,,0,77,,728,5,,,0,34,,730,5,,,0,75,,731,5,,,0,73,,732,5,,,0,34,,733,5,,,0,75,,734,5,,,0,35,,735,5,,,0,79,,736,5,,,0,30,,737,5,,,0,73,,738,5,,,0,85,,739,5,,,0,36,,740,5,,,0,73,,741,5,,,0,79,,742,5,,,0,39,,743,5,,,0,77,,744,5,,,0,36,,745,5,,,0,71,,746,5,,,0,102,,747,5,,,0,102,,748,5,,,0,106,,749,5,,,0
900,'4332',1650,,855,5,0,13 2 14 15,0
1201,'4480',704,,897,5,,,0,40,,898,5,,,0,86,,899,5,,,0,76,,894,5,,,0,115,,895,5,,,0,119,,896,5,,,0,165,,889,5,,,0,126,,891,5,,,0,171,,892,5,,,0,42,,893,5,,,0,85,,890,5,,,0
2400,'4480',1432,,989,5,0,5 6 7 8,0
2600,'4480',1428,,991,5,0,14 15 7 8,0
2601,'4480',716,,992,5,0,14 15 7 8,0
