401,'4327',601,,577,3,0,26,0,108,,564,3,0,26,0,100,,565,3,0,26,0,100,,566,3,0,26,0,100,,567,3,0,26,0,100,,568,3,0,26,0,100,,569,3,0,26,0,100,,570,3,0,26,0,100,,571,3,0,26,0,100,,572,3,0,26,0,100,,573,3,0,26,0,100,,574,3,0,26,0,100,,575,3,0,26,0,100,,576,3,0,26,0
401,'4332',601,,590,3,0,26,0,108,,593,3,0,26,0,100,,594,3,0,26,0,100,,578,3,0,26,0,100,,579,3,0,26,0,100,,591,3,0,26,0,100,,589,3,0,26,0,100,,588,3,0,26,0,100,,587,3,0,26,0,100,,583,3,0,26,0,100,,586,3,0,26,0,100,,585,3,0,26,0,100,,584,3,0,26,0,100,,582,3,0,26,0,100,,581,3,0,26,0,100,,580,3,0,26,0,122,,592,3,0,26,0
401,'4480',601,,613,3,0,26,0,108,,610,3,0,26,0,17,,604,3,0,26,0,85,,605,3,0,26,0,98,,606,3,0,26,0,100,,607,3,0,26,0,100,,608,3,0,26,0,100,,609,3,0,26,0,100,,611,3,0,26,0,101,,612,3,0,26,0,21,,599,3,0,26,0,78,,600,3,0,26,0,102,,601,3,0,26,0,98,,602,3,0,26,0,100,,603,3,0,26,0,100,,596,3,0,26,0,100,,597,3,0,26,0,100,,598,3,0,26,0,122,,595,3,0,26,0
1501,'4332',921,,900,3,0,17,0,130,,901,3,0,17,0,470,,902,3,0,17,0,130,,903,3,0,17,0
1501,'4480',616,,907,3,0,17,0,43,,909,3,0,17,0,159,,906,3,0,17,0,683,,908,3,0,17,0,205,,905,3,0,17,0,50,,904,3,0,17,0
3100,'4327',1013,,999,10,,,0,109,,993,10,,,0,109,,994,10,,,0,110,,995,10,,,0,115,,996,10,,,0,156,,998,10,,,0,110,,997,10,,,0
3100,'4332',907,,1003,10,,,0,105,,1007,10,,,0,110,,1001,10,,,0,109,,1000,10,,,0,110,,1002,10,,,0,115,,1004,10,,,0,155,,1006,10,,,0,110,,1005,10,,,0
3100,'4480',730,,1008,10,,,0,71,,1009,10,,,0,31,,1010,10,,,0,104,,1011,10,,,0,107,,1012,10,,,0,110,,1013,10,,,0,149,,1014,10,,,0,114,,1015,10,,,0,97,,1016,10,,,0,39,,1017,10,,,0,74,,1018,10,,,0,74,,1019,10,,,0,36,,1020,10,,,0,76,,1021,10,,,0
1003100,'4327',733,,2119,10,,,0,102,,2111,10,,,0,102,,2109,10,,,0,107,,2113,10,,,0,110,,2110,10,,,0,150,,2108,10,,,0,114,,2114,10,,,0,115,,2115,10,,,0,111,,2112,10,,,0,181,,2116,10,,,0,120,,2117,10,,,0,104,,2118,10,,,0
1003100,'4332',734,,2133,10,,,0,101,,2122,10,,,0,100,,2121,10,,,0,109,,2120,10,,,0,110,,2128,10,,,0,150,,2132,10,,,0,115,,2125,10,,,0,114,,2129,10,,,0,111,,2126,10,,,0,110,,2127,10,,,0,75,,2123,10,,,0,115,,2124,10,,,0,102,,2131,10,,,0,99,,2130,10,,,0
1003100,'4480',643,,2138,10,,,0,69,,2139,10,,,0,30,,2140,10,,,0,68,,2141,10,,,0,90,,2142,10,,,0,106,,2143,10,,,0,109,,2144,10,,,0,109,,2145,10,,,0,115,,2146,10,,,0,110,,2147,10,,,0,80,,2148,10,,,0,74,,2135,10,,,0,36,,2136,10,,,0,79,,2134,10,,,0,32,,2137,10,,,0,80,,2149,10,,,0,85,,2150,10,,,0,122,,2151,10,,,0,104,,2152,10,,,0,108,,2153,10,,,0
24003100,'4480',534,,2199,10,0,22 23 24 25,0,69,,2196,10,0,22 23 24 25,0,30,,2197,10,0,22 23 24 25,0,69,,2198,10,0,22 23 24 25,0
