3101,'4327',756,,1028,4,,,0,248,,1025,4,,,0,218,,1022,4,,,0,110,,1026,4,,,0,115,,1024,4,,,0,155,,1027,4,,,0,110,,1023,4,,,0
3101,'4332',756,,1032,4,,,0,144,,1031,4,,,0,102,,1029,4,,,0,110,,1036,4,,,0,110,,1037,4,,,0,110,,1030,4,,,0,115,,1035,4,,,0,155,,1033,4,,,0,110,,1034,4,,,0,110,,1038,4,,,0
3101,'4480',622,,1039,4,,,0,84,,1040,4,,,0,30,,1042,4,,,0,72,,1043,4,,,0,32,,1041,4,,,0,87,,1045,4,,,0,105,,1046,4,,,0,110,,1047,4,,,0,110,,1044,4,,,0,155,,1048,4,,,0,114,,1049,4,,,0,81,,1051,4,,,0,36,,1052,4,,,0,76,,1053,4,,,0,34,,1050,4,,,0,71,,1054,4,,,0,18,,1055,4,,,0
3201,'4327',756,,1070,4,0,42 43,0,103,,1069,4,0,42 43,0,144,,1064,4,0,42 43,0,33,,1071,4,0,42 43,0,76,,1058,4,0,42 43,0,35,,1057,4,0,42 43,0,75,,1065,4,0,42 43,0,35,,1056,4,0,42 43,0,75,,1066,4,0,42 43,0,75,,1061,4,0,42 43,0,40,,1067,4,0,42 43,0,75,,1062,4,0,42 43,0,80,,1063,4,0,42 43,0,35,,1060,4,0,42 43,0,74,,1068,4,0,42 43,0,35,,1059,4,0,42 43,0,110,,1072,4,0,42 43,0,155,,1073,4,0,42 43,0
3201,'4332',756,,1085,4,0,42 43,0,70,,1076,4,0,42 43,0,74,,1096,4,0,42 43,0,32,,1074,4,0,42 43,0,70,,1077,4,0,42 43,0,35,,1082,4,0,42 43,0,75,,1075,4,0,42 43,0,35,,1094,4,0,42 43,0,75,,1079,4,0,42 43,0,35,,1078,4,0,42 43,0,75,,1083,4,0,42 43,0,75,,1080,4,0,42 43,0,40,,1095,4,0,42 43,0,75,,1084,4,0,42 43,0,80,,1081,4,0,42 43,0,35,,1090,4,0,42 43,0,75,,1086,4,0,42 43,0,35,,1097,4,0,42 43,0,74,,1087,4,0,42 43,0,35,,1089,4,0,42 43,0,85,,1088,4,0,42 43,0,70,,1092,4,0,42 43,0,30,,1091,4,0,42 43,0,170,,1093,4,0,42 43,0
3201,'4480',551,,1099,4,0,42 43,0,70,,1100,4,0,42 43,0,30,,1101,4,0,42 43,0,70,,1098,4,0,42 43,0,30,,1102,4,0,42 43,0,73,,1103,4,0,42 43,0,33,,1104,4,0,42 43,0,70,,1105,4,0,42 43,0,32,,1106,4,0,42 43,0,73,,1107,4,0,42 43,0,75,,1108,4,0,42 43,0,35,,1109,4,0,42 43,0,75,,1110,4,0,42 43,0,35,,1111,4,0,42 43,0,75,,1112,4,0,42 43,0,80,,1113,4,0,42 43,0,37,,1114,4,0,42 43,0,78,,1115,4,0,42 43,0,80,,1116,4,0,42 43,0,35,,1117,4,0,42 43,0,77,,1118,4,0,42 43,0,33,,1119,4,0,42 43,0,72,,1120,4,0,42 43,0,38,,1121,4,0,42 43,0,87,,1122,4,0,42 43,0,67,,1123,4,0,42 43,0,95,,1124,4,0,42 43,0,105,,1125,4,0,42 43,0
3900,'4480',627,,1292,4,0,46 47 21,0
1003101,'4327',859,,2161,4,,,0,253,,2160,4,,,0,35,,2154,4,,,0,110,,2156,4,,,0,150,,2157,4,,,0,114,,2158,4,,,0,115,,2159,4,,,0,110,,2155,4,,,0,110,,2162,4,,,0,155,,2163,4,,,0,100,,2164,4,,,0
1003101,'4332',826,,2170,4,,,0,105,,2176,4,,,0,105,,2165,4,,,0,111,,2166,4,,,0,110,,2167,4,,,0,150,,2169,4,,,0,115,,2174,4,,,0,115,,2172,4,,,0,109,,2171,4,,,0,110,,2168,4,,,0,155,,2173,4,,,0,100,,2175,4,,,0
1003101,'4480',651,,2177,4,,,0,70,,2178,4,,,0,30,,2179,4,,,0,72,,2180,4,,,0,33,,2181,4,,,0,103,,2182,4,,,0,148,,2183,4,,,0,110,,2184,4,,,0,110,,2185,4,,,0,115,,2186,4,,,0,100,,2187,4,,,0,78,,2188,4,,,0,35,,2189,4,,,0,75,,2190,4,,,0,72,,2191,4,,,0,51,,2192,4,,,0,90,,2193,4,,,0,163,,2194,4,,,0,110,,2195,4,,,0
