100,'4327',617,,1,18,,,0,41,,2,18,,,0,80,,3,18,,,0,81,,4,18,,,0,40,,5,18,,,0,90,,6,18,,,0,87,,7,18,,,0,80,,8,18,,,0,84,,9,18,,,0,38,,22,18,,,0,80,,10,18,,,0,40,,11,18,,,0,81,,12,18,,,0,80,,13,18,,,0,40,,14,18,,,0,80,,15,18,,,0,79,,16,18,,,0,40,,17,18,,,0,80,,18,18,,,0,77,,19,18,,,0,39,,20,18,,,0,76,,21,18,,,0,85,,23,18,,,0,94,,24,18,,,0
100,'4332',612,,25,18,,,0,32,,26,18,,,0,70,,27,18,,,0,30,,28,18,,,0,75,,29,18,,,0,35,,30,18,,,0,77,,31,18,,,0,72,,33,18,,,0,36,,34,18,,,0,77,,32,18,,,0,31,,35,18,,,0,70,,36,18,,,0,30,,37,18,,,0,71,,38,18,,,0,30,,39,18,,,0,70,,40,18,,,0,30,,41,18,,,0,70,,42,18,,,0,30,,43,18,,,0,70,,44,18,,,0,30,,45,18,,,0,69,,46,18,,,0,24,,47,18,,,0,70,,48,18,,,0,30,,49,18,,,0,75,,50,18,,,0,34,,51,18,,,0,74,,52,18,,,0,35,,53,18,,,0,75,,54,18,,,0,75,,55,18,,,0,34,,56,18,,,0
100,'4480',527,,58,18,,,0,30,,59,18,,,0,73,,57,18,,,0,20,,61,18,,,0,62,,62,18,,,0,21,,60,18,,,0,15,,63,18,,,0,60,,64,18,,,0,17,,65,18,,,0,15,,66,18,,,0,15,,67,18,,,0,57,,69,18,,,0,18,,68,18,,,0,15,,70,18,,,0,60,,71,18,,,0,19,,72,18,,,0,20,,73,18,,,0,62,,74,18,,,0,22,,75,18,,,0,23,,76,18,,,0,67,,78,18,,,0,22,,77,18,,,0,62,,79,18,,,0,24,,80,18,,,0,23,,82,18,,,0,63,,81,18,,,0,23,,83,18,,,0,23,,84,18,,,0,63,,85,18,,,0,16,,86,18,,,0,14,,87,18,,,0,57,,88,18,,,0,14,,89,18,,,0,17,,90,18,,,0,14,,91,18,,,0,54,,92,18,,,0,14,,93,18,,,0,13,,94,18,,,0,14,,95,18,,,0,54,,96,18,,,0,17,,97,18,,,0,19,,98,18,,,0,20,,99,18,,,0,63,,100,18,,,0,23,,107,18,,,0,64,,101,18,,,0,24,,102,18,,,0,24,,103,18,,,0,65,,108,18,,,0,24,,104,18,,,0,68,,105,18,,,0,30,,106,18,,,0
200,'4327',620,,213,23,,,0,35,,214,23,,,0,81,,215,23,,,0,86,,216,23,,,0,81,,217,23,,,0,42,,218,23,,,0,82,,219,23,,,0,95,,220,23,,,0,89,,221,23,,,0,46,,222,23,,,0,81,,223,23,,,0,80,,224,23,,,0,40,,225,23,,,0,80,,226,23,,,0,80,,227,23,,,0,40,,228,23,,,0,79,,229,23,,,0,80,,230,23,,,0,39,,231,23,,,0,79,,232,23,,,0,80,,233,23,,,0,40,,235,23,,,0,78,,234,23,,,0
200,'4332',621,,236,23,,,0,35,,237,23,,,0,75,,238,23,,,0,72,,239,23,,,0,33,,240,23,,,0,71,,241,23,,,0,36,,242,23,,,0,84,,243,23,,,0,75,,244,23,,,0,33,,245,23,,,0,70,,247,23,,,0,30,,248,23,,,0,68,,249,23,,,0,30,,246,23,,,0,70,,250,23,,,0,30,,251,23,,,0,70,,252,23,,,0,29,,253,23,,,0,70,,254,23,,,0,30,,256,23,,,0,69,,257,23,,,0,30,,255,23,,,0,28,,258,23,,,0,67,,259,23,,,0,29,,260,23,,,0,76,,261,23,,,0,78,,262,23,,,0,35,,263,23,,,0,75,,264,23,,,0,34,,265,23,,,0,73,,266,23,,,0
200,'4480',547,,267,23,,,0,76,,268,23,,,0,27,,269,23,,,0,72,,270,23,,,0,17,,271,23,,,0,15,,272,23,,,0,69,,273,23,,,0,12,,274,23,,,0,15,,275,23,,,0,60,,276,23,,,0,20,,277,23,,,0,22,,278,23,,,0,61,,279,23,,,0,22,,280,23,,,0,22,,281,23,,,0,63,,282,23,,,0,22,,283,23,,,0,62,,284,23,,,0,23,,285,23,,,0,22,,286,23,,,0,61,,287,23,,,0,23,,288,23,,,0,26,,289,23,,,0,68,,290,23,,,0,25,,291,23,,,0,62,,292,23,,,0,16,,293,23,,,0,16,,294,23,,,0,56,,295,23,,,0,14,,296,23,,,0,15,,297,23,,,0,14,,298,23,,,0,55,,299,23,,,0,15,,300,23,,,0,15,,301,23,,,0,15,,302,23,,,0,55,,303,23,,,0,21,,304,23,,,0,15,,305,23,,,0,20,,306,23,,,0,59,,307,23,,,0,20,,308,23,,,0,19,,314,23,,,0,69,,309,23,,,0,24,,310,23,,,0,64,,311,23,,,0,24,,315,23,,,0,23,,312,23,,,0,70,,313,23,,,0
1701,'4480',649,,919,35,,,0,76,,920,35,,,0,96,,921,35,,,0,726,,915,35,,,0,85,,916,35,,,0,85,,917,35,,,0,41,,918,35,,,0,83,,914,35,,,0
2100,'4327',856,,929,26,,,0,100,,930,26,,,0,173,,922,26,,,0,171,,924,26,,,0,130,,923,26,,,0,177,,925,26,,,0,128,,926,26,,,0,168,,927,26,,,0,130,,928,26,,,0
2100,'4332',818,,938,26,,,0,132,,940,26,,,0,180,,939,26,,,0,182,,934,26,,,0,117,,935,26,,,0,104,,936,26,,,0,99,,937,26,,,0,100,,932,26,,,0,173,,933,26,,,0,133,,931,26,,,0
2100,'4480',653,,952,26,,,0,88,,948,26,,,0,84,,949,26,,,0,91,,950,26,,,0,85,,951,26,,,0,38,,953,26,,,0,95,,947,26,,,0,168,,945,26,,,0,129,,946,26,,,0,286,,944,26,,,0,84,,942,26,,,0,103,,943,26,,,0,120,,941,26,,,0
2400,'4480',1447,,989,14,0,5 6 7 8,0
1002100,'4480',1544,,2105,31,,,0,75,,2106,31,,,0
