300,'4327',652,,423,33,,,0,95,,424,33,,,0,89,,437,33,,,0,95,,426,33,,,0,90,,427,33,,,0,99,,428,33,,,0,95,,425,33,,,0,100,,429,33,,,0,101,,430,33,,,0,100,,431,33,,,0,100,,432,33,,,0,104,,433,33,,,0,96,,434,33,,,0,96,,435,33,,,0,100,,436,33,,,0
300,'4332',622,,462,33,,,0,90,,461,33,,,0,99,,463,33,,,0,89,,438,33,,,0,30,,439,33,,,0,80,,440,33,,,0,35,,442,33,,,0,70,,443,33,,,0,35,,444,33,,,0,75,,441,33,,,0,75,,445,33,,,0,40,,446,33,,,0,75,,447,33,,,0,35,,448,33,,,0,81,,449,33,,,0,75,,450,33,,,0,30,,451,33,,,0,75,,452,33,,,0,35,,453,33,,,0,75,,454,33,,,0,86,,455,33,,,0,35,,456,33,,,0,75,,457,33,,,0,90,,458,33,,,0,100,,459,33,,,0,100,,460,33,,,0
300,'4480',606,,465,33,,,0,35,,466,33,,,0,69,,467,33,,,0,35,,468,33,,,0,74,,469,33,,,0,35,,470,33,,,0,75,,471,33,,,0,75,,472,33,,,0,35,,473,33,,,0,75,,464,33,,,0,35,,474,33,,,0,75,,475,33,,,0,35,,476,33,,,0,75,,477,33,,,0,80,,478,33,,,0,34,,479,33,,,0,76,,480,33,,,0,80,,481,33,,,0,36,,482,33,,,0,74,,483,33,,,0,36,,484,33,,,0,75,,485,33,,,0,76,,487,33,,,0,35,,486,33,,,0,70,,488,33,,,0,100,,489,33,,,0,101,,490,33,,,0,100,,491,33,,,0
700,'4327',533,,811,5,0,11 12,0,100,,805,5,0,11 12,0,200,,804,5,0,11 12,0,200,,806,5,0,11 12,0,201,,807,5,0,11 12,0,200,,808,5,0,11 12,0,200,,809,5,0,11 12,0,199,,810,5,0,11 12,0
700,'4332',533,,812,13,0,11 12,0,100,,813,13,0,11 12,0,200,,814,13,0,11 12,0,200,,815,13,0,11 12,0,201,,816,13,0,11 12,0,200,,817,13,0,11 12,0,200,,818,13,0,11 12,0,199,,819,5,0,11 12,0,200,,820,13,0,11 12,0,270,,821,5,0,11 12,0
700,'4480',618,,827,5,0,11 12,0,216,,828,5,0,11 12,0,200,,829,5,0,11 12,0,200,,830,5,0,11 12,0,200,,825,5,0,11 12,0,200,,826,5,0,11 12,0,200,,824,5,0,11 12,0,199,,822,5,0,11 12,0,270,,823,5,0,11 12,0
1600,'4480',738,,913,5,0,16,0,165,,911,5,0,16,0,641,,912,5,0,16,0,85,,910,5,0,16,0
1000700,'4327',733,,2081,5,0,16,0,200,,2080,5,0,16,0,201,,2082,5,0,16,0,200,,2084,5,0,16,0,200,,2083,5,0,16,0,200,,2085,5,0,16,0,199,,2086,5,0,16,0
1000700,'4332',733,,2087,13,0,16,0,200,,2088,13,0,16,0,201,,2089,13,0,16,0,200,,2090,13,0,16,0,200,,2091,5,0,16,0,200,,2092,13,0,16,0,199,,2093,13,0,16,0,200,,2094,13,0,16,0
1000700,'4480',734,,2102,5,0,16,0,14,,2101,5,0,16,0,186,,2103,5,0,16,0,200,,2104,5,0,16,0,200,,2095,5,0,16,0,200,,2098,5,0,16,0,70,,2099,5,0,16,0,130,,2100,5,0,16,0,199,,2096,5,0,16,0,200,,2097,5,0,16,0
